01111111
00000000
00010000
00100000
00110000
01000000
01010000
01100000
01110000
10000000
10010000
10100000
10110000
11000000
11010000
11100000
11110000
00000000
00010001
00100001
00110001
01000001
01010001
01100001
01110001
10000001
10010001
10100001
10110001
11000001
11010001
11100001
11110001
00000001
00010010
00100010
00110010
01000010
01010010
01100010
01110010
10000010
10010010
10100010
10110010
11000010
11010010
11100010
11110010
00000010
00010011
00100011
00110011
01000011
01010011
01100011
01110011
10000011
10010011
10100011
10110011
11000011
11010011
11100011
11110011
00000011
00010100
00100100
00110100
01000100
01010100
01100100
01110100
10000100
10010100
10100100
10110100
11000100
11010100
11100100
11110100
00000100
00010101
00100101
00110101
01000101
01010101
01100101
01110101
10000101
10010101
10100101
10110101
11000101
11010101
11100101
11110101
00000101
00010110
00100110
00110110
01000110
01010110
01100110
01110110
10000110
10010110
10100110
10110110
11000110
11010110
11100110
11110110
00000110
00010111
00100111
00110111
01000111
01010111
01100111
01110111
10000111
10010111
10100111
10110111
11000111
11010111
11100111
00000111
00000000
