rate=250kbps 
payload_length=50 
chirp_index=0 
output_width=6 
sample_index,tx_real_signed,tx_imag_signed,tx_valid,tx_done,fifo_overflow
0,0,0,1,0,0
1,-1,1,1,0,0
2,-2,4,1,0,0
3,6,6,1,0,0
4,9,-5,1,0,0
5,-4,-14,1,0,0
6,-18,0,1,0,0
7,-9,19,1,0,0
8,13,17,1,0,0
9,21,-3,1,0,0
10,7,-19,1,0,0
11,-13,-15,1,0,0
12,-21,3,1,0,0
13,-12,18,1,0,0
14,6,22,1,0,0
15,19,11,1,0,0
16,21,-5,1,0,0
17,11,-17,1,0,0
18,-4,-20,1,0,0
19,-15,-15,1,0,0
20,-21,-3,1,0,0
21,-20,8,1,0,0
22,-13,17,1,0,0
23,-5,21,1,0,0
24,4,22,1,0,0
25,11,19,1,0,0
26,16,14,1,0,0
27,19,9,1,0,0
28,21,5,1,0,0
29,21,1,1,0,0
30,21,-3,1,0,0
31,20,-4,1,0,0
32,18,-4,1,0,0
33,14,-4,1,0,0
34,11,-3,1,0,0
35,7,-1,1,0,0
36,3,1,1,0,0
37,1,1,1,0,0
38,0,0,1,0,0
39,1,1,1,0,0
40,3,1,1,0,0
41,7,-1,1,0,0
42,11,-3,1,0,0
43,14,-4,1,0,0
44,18,-4,1,0,0
45,20,-4,1,0,0
46,21,-3,1,0,0
47,21,1,1,0,0
48,21,5,1,0,0
49,19,9,1,0,0
50,16,14,1,0,0
51,11,19,1,0,0
52,4,22,1,0,0
53,-5,21,1,0,0
54,-13,17,1,0,0
55,-20,8,1,0,0
56,-21,-3,1,0,0
57,-15,-15,1,0,0
58,-4,-20,1,0,0
59,11,-17,1,0,0
60,21,-5,1,0,0
61,19,11,1,0,0
62,6,22,1,0,0
63,-12,18,1,0,0
64,-21,3,1,0,0
65,-13,-15,1,0,0
66,7,-19,1,0,0
67,21,-3,1,0,0
68,13,17,1,0,0
69,-9,19,1,0,0
70,-18,0,1,0,0
71,-4,-14,1,0,0
72,9,-5,1,0,0
73,6,6,1,0,0
74,-2,4,1,0,0
75,-1,1,1,0,0
76,0,0,1,0,0
77,0,0,1,0,0
78,3,-1,1,0,0
79,5,7,1,0,0
80,-6,10,1,0,0
81,-15,-3,1,0,0
82,-1,-17,1,0,0
83,18,-8,1,0,0
84,16,14,1,0,0
85,-4,22,1,0,0
86,-20,8,1,0,0
87,-16,-12,1,0,0
88,2,-20,1,0,0
89,17,-11,1,0,0
90,21,7,1,0,0
91,10,20,1,0,0
92,-6,22,1,0,0
93,-18,12,1,0,0
94,-21,-3,1,0,0
95,-15,-15,1,0,0
96,-4,-20,1,0,0
97,7,-19,1,0,0
98,16,-12,1,0,0
99,20,-4,1,0,0
100,21,5,1,0,0
101,18,12,1,0,0
102,13,17,1,0,0
103,8,20,1,0,0
104,4,22,1,0,0
105,0,22,1,0,0
106,-4,22,1,0,0
107,-5,21,1,0,0
108,-5,19,1,0,0
109,-5,15,1,0,0
110,-4,12,1,0,0
111,-2,8,1,0,0
112,0,4,1,0,0
113,0,2,1,0,0
114,0,0,1,0,0
115,0,2,1,0,0
116,0,4,1,0,0
117,-2,8,1,0,0
118,-4,12,1,0,0
119,-5,15,1,0,0
120,-5,19,1,0,0
121,-5,21,1,0,0
122,-4,22,1,0,0
123,0,22,1,0,0
124,4,22,1,0,0
125,8,20,1,0,0
126,13,17,1,0,0
127,18,12,1,0,0
128,21,5,1,0,0
129,20,-4,1,0,0
130,16,-12,1,0,0
131,7,-19,1,0,0
132,-4,-20,1,0,0
133,-15,-15,1,0,0
134,-21,-3,1,0,0
135,-18,12,1,0,0
136,-6,22,1,0,0
137,10,20,1,0,0
138,21,7,1,0,0
139,17,-11,1,0,0
140,2,-20,1,0,0
141,-16,-12,1,0,0
142,-20,8,1,0,0
143,-4,22,1,0,0
144,16,14,1,0,0
145,18,-8,1,0,0
146,-1,-17,1,0,0
147,-15,-3,1,0,0
148,-6,10,1,0,0
149,5,7,1,0,0
150,3,-1,1,0,0
151,0,0,1,0,0
152,0,0,1,0,0
153,1,-1,1,0,0
154,2,-4,1,0,0
155,-6,-6,1,0,0
156,-9,5,1,0,0
157,4,14,1,0,0
158,18,0,1,0,0
159,9,-19,1,0,0
160,-13,-17,1,0,0
161,-21,3,1,0,0
162,-7,19,1,0,0
163,13,15,1,0,0
164,21,-3,1,0,0
165,12,-18,1,0,0
166,-6,-22,1,0,0
167,-19,-11,1,0,0
168,-21,5,1,0,0
169,-11,17,1,0,0
170,4,20,1,0,0
171,15,15,1,0,0
172,21,3,1,0,0
173,20,-8,1,0,0
174,13,-17,1,0,0
175,5,-21,1,0,0
176,-4,-22,1,0,0
177,-11,-19,1,0,0
178,-16,-14,1,0,0
179,-19,-9,1,0,0
180,-21,-5,1,0,0
181,-21,-1,1,0,0
182,-21,3,1,0,0
183,-20,4,1,0,0
184,-18,4,1,0,0
185,-14,4,1,0,0
186,-11,3,1,0,0
187,-7,1,1,0,0
188,-3,-1,1,0,0
189,-1,-1,1,0,0
190,0,0,1,0,0
191,-1,-1,1,0,0
192,-3,-1,1,0,0
193,-7,1,1,0,0
194,-11,3,1,0,0
195,-14,4,1,0,0
196,-18,4,1,0,0
197,-20,4,1,0,0
198,-21,3,1,0,0
199,-21,-1,1,0,0
200,-21,-5,1,0,0
201,-19,-9,1,0,0
202,-16,-14,1,0,0
203,-11,-19,1,0,0
204,-4,-22,1,0,0
205,5,-21,1,0,0
206,13,-17,1,0,0
207,20,-8,1,0,0
208,21,3,1,0,0
209,15,15,1,0,0
210,4,20,1,0,0
211,-11,17,1,0,0
212,-21,5,1,0,0
213,-19,-11,1,0,0
214,-6,-22,1,0,0
215,12,-18,1,0,0
216,21,-3,1,0,0
217,13,15,1,0,0
218,-7,19,1,0,0
219,-21,3,1,0,0
220,-13,-17,1,0,0
221,9,-19,1,0,0
222,18,0,1,0,0
223,4,14,1,0,0
224,-9,5,1,0,0
225,-6,-6,1,0,0
226,2,-4,1,0,0
227,1,-1,1,0,0
228,0,0,1,0,0
229,0,0,1,0,0
230,-3,1,1,0,0
231,-5,-7,1,0,0
232,6,-10,1,0,0
233,15,3,1,0,0
234,1,17,1,0,0
235,-18,8,1,0,0
236,-16,-14,1,0,0
237,4,-22,1,0,0
238,20,-8,1,0,0
239,16,12,1,0,0
240,-2,20,1,0,0
241,-17,11,1,0,0
242,-21,-7,1,0,0
243,-10,-20,1,0,0
244,6,-22,1,0,0
245,18,-12,1,0,0
246,21,3,1,0,0
247,15,15,1,0,0
248,4,20,1,0,0
249,-7,19,1,0,0
250,-16,12,1,0,0
251,-20,4,1,0,0
252,-21,-5,1,0,0
253,-18,-12,1,0,0
254,-13,-17,1,0,0
255,-8,-20,1,0,0
256,-4,-22,1,0,0
257,0,-22,1,0,0
258,4,-22,1,0,0
259,5,-21,1,0,0
260,5,-19,1,0,0
261,5,-15,1,0,0
262,4,-12,1,0,0
263,2,-8,1,0,0
264,0,-4,1,0,0
265,0,-2,1,0,0
266,0,0,1,0,0
267,0,-2,1,0,0
268,0,-4,1,0,0
269,2,-8,1,0,0
270,4,-12,1,0,0
271,5,-15,1,0,0
272,5,-19,1,0,0
273,5,-21,1,0,0
274,4,-22,1,0,0
275,0,-22,1,0,0
276,-4,-22,1,0,0
277,-8,-20,1,0,0
278,-13,-17,1,0,0
279,-18,-12,1,0,0
280,-21,-5,1,0,0
281,-20,4,1,0,0
282,-16,12,1,0,0
283,-7,19,1,0,0
284,4,20,1,0,0
285,15,15,1,0,0
286,21,3,1,0,0
287,18,-12,1,0,0
288,6,-22,1,0,0
289,-10,-20,1,0,0
290,-21,-7,1,0,0
291,-17,11,1,0,0
292,-2,20,1,0,0
293,16,12,1,0,0
294,20,-8,1,0,0
295,4,-22,1,0,0
296,-16,-14,1,0,0
297,-18,8,1,0,0
298,1,17,1,0,0
299,15,3,1,0,0
300,6,-10,1,0,0
301,-5,-7,1,0,0
302,-3,1,1,0,0
303,0,0,1,0,0
304,0,0,1,0,0
305,-1,1,1,0,0
306,-2,4,1,0,0
307,6,6,1,0,0
308,9,-5,1,0,0
309,-4,-14,1,0,0
310,-18,0,1,0,0
311,-9,19,1,0,0
312,13,17,1,0,0
313,21,-3,1,0,0
314,7,-19,1,0,0
315,-13,-15,1,0,0
316,-21,3,1,0,0
317,-12,18,1,0,0
318,6,22,1,0,0
319,19,11,1,0,0
320,21,-5,1,0,0
321,11,-17,1,0,0
322,-4,-20,1,0,0
323,-15,-15,1,0,0
324,-21,-3,1,0,0
325,-20,8,1,0,0
326,-13,17,1,0,0
327,-5,21,1,0,0
328,4,22,1,0,0
329,11,19,1,0,0
330,16,14,1,0,0
331,19,9,1,0,0
332,21,5,1,0,0
333,21,1,1,0,0
334,21,-3,1,0,0
335,20,-4,1,0,0
336,18,-4,1,0,0
337,14,-4,1,0,0
338,11,-3,1,0,0
339,7,-1,1,0,0
340,3,1,1,0,0
341,1,1,1,0,0
342,0,0,1,0,0
343,1,1,1,0,0
344,3,1,1,0,0
345,7,-1,1,0,0
346,11,-3,1,0,0
347,14,-4,1,0,0
348,18,-4,1,0,0
349,20,-4,1,0,0
350,21,-3,1,0,0
351,21,1,1,0,0
352,21,5,1,0,0
353,19,9,1,0,0
354,16,14,1,0,0
355,11,19,1,0,0
356,4,22,1,0,0
357,-5,21,1,0,0
358,-13,17,1,0,0
359,-20,8,1,0,0
360,-21,-3,1,0,0
361,-15,-15,1,0,0
362,-4,-20,1,0,0
363,11,-17,1,0,0
364,21,-5,1,0,0
365,19,11,1,0,0
366,6,22,1,0,0
367,-12,18,1,0,0
368,-21,3,1,0,0
369,-13,-15,1,0,0
370,7,-19,1,0,0
371,21,-3,1,0,0
372,13,17,1,0,0
373,-9,19,1,0,0
374,-18,0,1,0,0
375,-4,-14,1,0,0
376,9,-5,1,0,0
377,6,6,1,0,0
378,-2,4,1,0,0
379,-1,1,1,0,0
380,0,0,1,0,0
381,0,0,1,0,0
382,3,-1,1,0,0
383,5,7,1,0,0
384,-6,10,1,0,0
385,-15,-3,1,0,0
386,-1,-17,1,0,0
387,18,-8,1,0,0
388,16,14,1,0,0
389,-4,22,1,0,0
390,-20,8,1,0,0
391,-16,-12,1,0,0
392,2,-20,1,0,0
393,17,-11,1,0,0
394,21,7,1,0,0
395,10,20,1,0,0
396,-6,22,1,0,0
397,-18,12,1,0,0
398,-21,-3,1,0,0
399,-15,-15,1,0,0
400,-4,-20,1,0,0
401,7,-19,1,0,0
402,16,-12,1,0,0
403,20,-4,1,0,0
404,21,5,1,0,0
405,18,12,1,0,0
406,13,17,1,0,0
407,8,20,1,0,0
408,4,22,1,0,0
409,0,22,1,0,0
410,-4,22,1,0,0
411,-5,21,1,0,0
412,-5,19,1,0,0
413,-5,15,1,0,0
414,-4,12,1,0,0
415,-2,8,1,0,0
416,0,4,1,0,0
417,0,2,1,0,0
418,0,0,1,0,0
419,0,2,1,0,0
420,0,4,1,0,0
421,-2,8,1,0,0
422,-4,12,1,0,0
423,-5,15,1,0,0
424,-5,19,1,0,0
425,-5,21,1,0,0
426,-4,22,1,0,0
427,0,22,1,0,0
428,4,22,1,0,0
429,8,20,1,0,0
430,13,17,1,0,0
431,18,12,1,0,0
432,21,5,1,0,0
433,20,-4,1,0,0
434,16,-12,1,0,0
435,7,-19,1,0,0
436,-4,-20,1,0,0
437,-15,-15,1,0,0
438,-21,-3,1,0,0
439,-18,12,1,0,0
440,-6,22,1,0,0
441,10,20,1,0,0
442,21,7,1,0,0
443,17,-11,1,0,0
444,2,-20,1,0,0
445,-16,-12,1,0,0
446,-20,8,1,0,0
447,-4,22,1,0,0
448,16,14,1,0,0
449,18,-8,1,0,0
450,-1,-17,1,0,0
451,-15,-3,1,0,0
452,-6,10,1,0,0
453,5,7,1,0,0
454,3,-1,1,0,0
455,0,0,1,0,0
456,0,0,1,0,0
457,1,-1,1,0,0
458,2,-4,1,0,0
459,-6,-6,1,0,0
460,-9,5,1,0,0
461,4,14,1,0,0
462,18,0,1,0,0
463,9,-19,1,0,0
464,-13,-17,1,0,0
465,-21,3,1,0,0
466,-7,19,1,0,0
467,13,15,1,0,0
468,21,-3,1,0,0
469,12,-18,1,0,0
470,-6,-22,1,0,0
471,-19,-11,1,0,0
472,-21,5,1,0,0
473,-11,17,1,0,0
474,4,20,1,0,0
475,15,15,1,0,0
476,21,3,1,0,0
477,20,-8,1,0,0
478,13,-17,1,0,0
479,5,-21,1,0,0
480,-4,-22,1,0,0
481,-11,-19,1,0,0
482,-16,-14,1,0,0
483,-19,-9,1,0,0
484,-21,-5,1,0,0
485,-21,-1,1,0,0
486,-21,3,1,0,0
487,-20,4,1,0,0
488,-18,4,1,0,0
489,-14,4,1,0,0
490,-11,3,1,0,0
491,-7,1,1,0,0
492,-3,-1,1,0,0
493,-1,-1,1,0,0
494,0,0,1,0,0
495,-1,-1,1,0,0
496,-3,-1,1,0,0
497,-7,1,1,0,0
498,-11,3,1,0,0
499,-14,4,1,0,0
500,-18,4,1,0,0
501,-20,4,1,0,0
502,-21,3,1,0,0
503,-21,-1,1,0,0
504,-21,-5,1,0,0
505,-19,-9,1,0,0
506,-16,-14,1,0,0
507,-11,-19,1,0,0
508,-4,-22,1,0,0
509,5,-21,1,0,0
510,13,-17,1,0,0
511,20,-8,1,0,0
512,21,3,1,0,0
513,15,15,1,0,0
514,4,20,1,0,0
515,-11,17,1,0,0
516,-21,5,1,0,0
517,-19,-11,1,0,0
518,-6,-22,1,0,0
519,12,-18,1,0,0
520,21,-3,1,0,0
521,13,15,1,0,0
522,-7,19,1,0,0
523,-21,3,1,0,0
524,-13,-17,1,0,0
525,9,-19,1,0,0
526,18,0,1,0,0
527,4,14,1,0,0
528,-9,5,1,0,0
529,-6,-6,1,0,0
530,2,-4,1,0,0
531,1,-1,1,0,0
532,0,0,1,0,0
533,0,0,1,0,0
534,-3,1,1,0,0
535,-5,-7,1,0,0
536,6,-10,1,0,0
537,15,3,1,0,0
538,1,17,1,0,0
539,-18,8,1,0,0
540,-16,-14,1,0,0
541,4,-22,1,0,0
542,20,-8,1,0,0
543,16,12,1,0,0
544,-2,20,1,0,0
545,-17,11,1,0,0
546,-21,-7,1,0,0
547,-10,-20,1,0,0
548,6,-22,1,0,0
549,18,-12,1,0,0
550,21,3,1,0,0
551,15,15,1,0,0
552,4,20,1,0,0
553,-7,19,1,0,0
554,-16,12,1,0,0
555,-20,4,1,0,0
556,-21,-5,1,0,0
557,-18,-12,1,0,0
558,-13,-17,1,0,0
559,-8,-20,1,0,0
560,-4,-22,1,0,0
561,0,-22,1,0,0
562,4,-22,1,0,0
563,5,-21,1,0,0
564,5,-19,1,0,0
565,5,-15,1,0,0
566,4,-12,1,0,0
567,2,-8,1,0,0
568,0,-4,1,0,0
569,0,-2,1,0,0
570,0,0,1,0,0
571,0,-2,1,0,0
572,0,-4,1,0,0
573,2,-8,1,0,0
574,4,-12,1,0,0
575,5,-15,1,0,0
576,5,-19,1,0,0
577,5,-21,1,0,0
578,4,-22,1,0,0
579,0,-22,1,0,0
580,-4,-22,1,0,0
581,-8,-20,1,0,0
582,-13,-17,1,0,0
583,-18,-12,1,0,0
584,-21,-5,1,0,0
585,-20,4,1,0,0
586,-16,12,1,0,0
587,-7,19,1,0,0
588,4,20,1,0,0
589,15,15,1,0,0
590,21,3,1,0,0
591,18,-12,1,0,0
592,6,-22,1,0,0
593,-10,-20,1,0,0
594,-21,-7,1,0,0
595,-17,11,1,0,0
596,-2,20,1,0,0
597,16,12,1,0,0
598,20,-8,1,0,0
599,4,-22,1,0,0
600,-16,-14,1,0,0
601,-18,8,1,0,0
602,1,17,1,0,0
603,15,3,1,0,0
604,6,-10,1,0,0
605,-5,-7,1,0,0
606,-3,1,1,0,0
607,0,0,1,0,0
608,0,0,1,0,0
609,-1,1,1,0,0
610,-2,4,1,0,0
611,6,6,1,0,0
612,9,-5,1,0,0
613,-4,-14,1,0,0
614,-18,0,1,0,0
615,-9,19,1,0,0
616,13,17,1,0,0
617,21,-3,1,0,0
618,7,-19,1,0,0
619,-13,-15,1,0,0
620,-21,3,1,0,0
621,-12,18,1,0,0
622,6,22,1,0,0
623,19,11,1,0,0
624,21,-5,1,0,0
625,11,-17,1,0,0
626,-4,-20,1,0,0
627,-15,-15,1,0,0
628,-21,-3,1,0,0
629,-20,8,1,0,0
630,-13,17,1,0,0
631,-5,21,1,0,0
632,4,22,1,0,0
633,11,19,1,0,0
634,16,14,1,0,0
635,19,9,1,0,0
636,21,5,1,0,0
637,21,1,1,0,0
638,21,-3,1,0,0
639,20,-4,1,0,0
640,18,-4,1,0,0
641,14,-4,1,0,0
642,11,-3,1,0,0
643,7,-1,1,0,0
644,3,1,1,0,0
645,1,1,1,0,0
646,0,0,1,0,0
647,1,1,1,0,0
648,3,1,1,0,0
649,7,-1,1,0,0
650,11,-3,1,0,0
651,14,-4,1,0,0
652,18,-4,1,0,0
653,20,-4,1,0,0
654,21,-3,1,0,0
655,21,1,1,0,0
656,21,5,1,0,0
657,19,9,1,0,0
658,16,14,1,0,0
659,11,19,1,0,0
660,4,22,1,0,0
661,-5,21,1,0,0
662,-13,17,1,0,0
663,-20,8,1,0,0
664,-21,-3,1,0,0
665,-15,-15,1,0,0
666,-4,-20,1,0,0
667,11,-17,1,0,0
668,21,-5,1,0,0
669,19,11,1,0,0
670,6,22,1,0,0
671,-12,18,1,0,0
672,-21,3,1,0,0
673,-13,-15,1,0,0
674,7,-19,1,0,0
675,21,-3,1,0,0
676,13,17,1,0,0
677,-9,19,1,0,0
678,-18,0,1,0,0
679,-4,-14,1,0,0
680,9,-5,1,0,0
681,6,6,1,0,0
682,-2,4,1,0,0
683,-1,1,1,0,0
684,0,0,1,0,0
685,0,0,1,0,0
686,3,-1,1,0,0
687,5,7,1,0,0
688,-6,10,1,0,0
689,-15,-3,1,0,0
690,-1,-17,1,0,0
691,18,-8,1,0,0
692,16,14,1,0,0
693,-4,22,1,0,0
694,-20,8,1,0,0
695,-16,-12,1,0,0
696,2,-20,1,0,0
697,17,-11,1,0,0
698,21,7,1,0,0
699,10,20,1,0,0
700,-6,22,1,0,0
701,-18,12,1,0,0
702,-21,-3,1,0,0
703,-15,-15,1,0,0
704,-4,-20,1,0,0
705,7,-19,1,0,0
706,16,-12,1,0,0
707,20,-4,1,0,0
708,21,5,1,0,0
709,18,12,1,0,0
710,13,17,1,0,0
711,8,20,1,0,0
712,4,22,1,0,0
713,0,22,1,0,0
714,-4,22,1,0,0
715,-5,21,1,0,0
716,-5,19,1,0,0
717,-5,15,1,0,0
718,-4,12,1,0,0
719,-2,8,1,0,0
720,0,4,1,0,0
721,0,2,1,0,0
722,0,0,1,0,0
723,0,2,1,0,0
724,0,4,1,0,0
725,-2,8,1,0,0
726,-4,12,1,0,0
727,-5,15,1,0,0
728,-5,19,1,0,0
729,-5,21,1,0,0
730,-4,22,1,0,0
731,0,22,1,0,0
732,4,22,1,0,0
733,8,20,1,0,0
734,13,17,1,0,0
735,18,12,1,0,0
736,21,5,1,0,0
737,20,-4,1,0,0
738,16,-12,1,0,0
739,7,-19,1,0,0
740,-4,-20,1,0,0
741,-15,-15,1,0,0
742,-21,-3,1,0,0
743,-18,12,1,0,0
744,-6,22,1,0,0
745,10,20,1,0,0
746,21,7,1,0,0
747,17,-11,1,0,0
748,2,-20,1,0,0
749,-16,-12,1,0,0
750,-20,8,1,0,0
751,-4,22,1,0,0
752,16,14,1,0,0
753,18,-8,1,0,0
754,-1,-17,1,0,0
755,-15,-3,1,0,0
756,-6,10,1,0,0
757,5,7,1,0,0
758,3,-1,1,0,0
759,0,0,1,0,0
760,0,0,1,0,0
761,1,-1,1,0,0
762,2,-4,1,0,0
763,-6,-6,1,0,0
764,-9,5,1,0,0
765,4,14,1,0,0
766,18,0,1,0,0
767,9,-19,1,0,0
768,-13,-17,1,0,0
769,-21,3,1,0,0
770,-7,19,1,0,0
771,13,15,1,0,0
772,21,-3,1,0,0
773,12,-18,1,0,0
774,-6,-22,1,0,0
775,-19,-11,1,0,0
776,-21,5,1,0,0
777,-11,17,1,0,0
778,4,20,1,0,0
779,15,15,1,0,0
780,21,3,1,0,0
781,20,-8,1,0,0
782,13,-17,1,0,0
783,5,-21,1,0,0
784,-4,-22,1,0,0
785,-11,-19,1,0,0
786,-16,-14,1,0,0
787,-19,-9,1,0,0
788,-21,-5,1,0,0
789,-21,-1,1,0,0
790,-21,3,1,0,0
791,-20,4,1,0,0
792,-18,4,1,0,0
793,-14,4,1,0,0
794,-11,3,1,0,0
795,-7,1,1,0,0
796,-3,-1,1,0,0
797,-1,-1,1,0,0
798,0,0,1,0,0
799,-1,-1,1,0,0
800,-3,-1,1,0,0
801,-7,1,1,0,0
802,-11,3,1,0,0
803,-14,4,1,0,0
804,-18,4,1,0,0
805,-20,4,1,0,0
806,-21,3,1,0,0
807,-21,-1,1,0,0
808,-21,-5,1,0,0
809,-19,-9,1,0,0
810,-16,-14,1,0,0
811,-11,-19,1,0,0
812,-4,-22,1,0,0
813,5,-21,1,0,0
814,13,-17,1,0,0
815,20,-8,1,0,0
816,21,3,1,0,0
817,15,15,1,0,0
818,4,20,1,0,0
819,-11,17,1,0,0
820,-21,5,1,0,0
821,-19,-11,1,0,0
822,-6,-22,1,0,0
823,12,-18,1,0,0
824,21,-3,1,0,0
825,13,15,1,0,0
826,-7,19,1,0,0
827,-21,3,1,0,0
828,-13,-17,1,0,0
829,9,-19,1,0,0
830,18,0,1,0,0
831,4,14,1,0,0
832,-9,5,1,0,0
833,-6,-6,1,0,0
834,2,-4,1,0,0
835,1,-1,1,0,0
836,0,0,1,0,0
837,0,0,1,0,0
838,-3,1,1,0,0
839,-5,-7,1,0,0
840,6,-10,1,0,0
841,15,3,1,0,0
842,1,17,1,0,0
843,-18,8,1,0,0
844,-16,-14,1,0,0
845,4,-22,1,0,0
846,20,-8,1,0,0
847,16,12,1,0,0
848,-2,20,1,0,0
849,-17,11,1,0,0
850,-21,-7,1,0,0
851,-10,-20,1,0,0
852,6,-22,1,0,0
853,18,-12,1,0,0
854,21,3,1,0,0
855,15,15,1,0,0
856,4,20,1,0,0
857,-7,19,1,0,0
858,-16,12,1,0,0
859,-20,4,1,0,0
860,-21,-5,1,0,0
861,-18,-12,1,0,0
862,-13,-17,1,0,0
863,-8,-20,1,0,0
864,-4,-22,1,0,0
865,0,-22,1,0,0
866,4,-22,1,0,0
867,5,-21,1,0,0
868,5,-19,1,0,0
869,5,-15,1,0,0
870,4,-12,1,0,0
871,2,-8,1,0,0
872,0,-4,1,0,0
873,0,-2,1,0,0
874,0,0,1,0,0
875,0,-2,1,0,0
876,0,-4,1,0,0
877,2,-8,1,0,0
878,4,-12,1,0,0
879,5,-15,1,0,0
880,5,-19,1,0,0
881,5,-21,1,0,0
882,4,-22,1,0,0
883,0,-22,1,0,0
884,-4,-22,1,0,0
885,-8,-20,1,0,0
886,-13,-17,1,0,0
887,-18,-12,1,0,0
888,-21,-5,1,0,0
889,-20,4,1,0,0
890,-16,12,1,0,0
891,-7,19,1,0,0
892,4,20,1,0,0
893,15,15,1,0,0
894,21,3,1,0,0
895,18,-12,1,0,0
896,6,-22,1,0,0
897,-10,-20,1,0,0
898,-21,-7,1,0,0
899,-17,11,1,0,0
900,-2,20,1,0,0
901,16,12,1,0,0
902,20,-8,1,0,0
903,4,-22,1,0,0
904,-16,-14,1,0,0
905,-18,8,1,0,0
906,1,17,1,0,0
907,15,3,1,0,0
908,6,-10,1,0,0
909,-5,-7,1,0,0
910,-3,1,1,0,0
911,0,0,1,0,0
912,0,0,1,0,0
913,-1,1,1,0,0
914,-2,4,1,0,0
915,6,6,1,0,0
916,9,-5,1,0,0
917,-4,-14,1,0,0
918,-18,0,1,0,0
919,-9,19,1,0,0
920,13,17,1,0,0
921,21,-3,1,0,0
922,7,-19,1,0,0
923,-13,-15,1,0,0
924,-21,3,1,0,0
925,-12,18,1,0,0
926,6,22,1,0,0
927,19,11,1,0,0
928,21,-5,1,0,0
929,11,-17,1,0,0
930,-4,-20,1,0,0
931,-15,-15,1,0,0
932,-21,-3,1,0,0
933,-20,8,1,0,0
934,-13,17,1,0,0
935,-5,21,1,0,0
936,4,22,1,0,0
937,11,19,1,0,0
938,16,14,1,0,0
939,19,9,1,0,0
940,21,5,1,0,0
941,21,1,1,0,0
942,21,-3,1,0,0
943,20,-4,1,0,0
944,18,-4,1,0,0
945,14,-4,1,0,0
946,11,-3,1,0,0
947,7,-1,1,0,0
948,3,1,1,0,0
949,1,1,1,0,0
950,0,0,1,0,0
951,1,1,1,0,0
952,3,1,1,0,0
953,7,-1,1,0,0
954,11,-3,1,0,0
955,14,-4,1,0,0
956,18,-4,1,0,0
957,20,-4,1,0,0
958,21,-3,1,0,0
959,21,1,1,0,0
960,21,5,1,0,0
961,19,9,1,0,0
962,16,14,1,0,0
963,11,19,1,0,0
964,4,22,1,0,0
965,-5,21,1,0,0
966,-13,17,1,0,0
967,-20,8,1,0,0
968,-21,-3,1,0,0
969,-15,-15,1,0,0
970,-4,-20,1,0,0
971,11,-17,1,0,0
972,21,-5,1,0,0
973,19,11,1,0,0
974,6,22,1,0,0
975,-12,18,1,0,0
976,-21,3,1,0,0
977,-13,-15,1,0,0
978,7,-19,1,0,0
979,21,-3,1,0,0
980,13,17,1,0,0
981,-9,19,1,0,0
982,-18,0,1,0,0
983,-4,-14,1,0,0
984,9,-5,1,0,0
985,6,6,1,0,0
986,-2,4,1,0,0
987,-1,1,1,0,0
988,0,0,1,0,0
989,0,0,1,0,0
990,3,-1,1,0,0
991,5,7,1,0,0
992,-6,10,1,0,0
993,-15,-3,1,0,0
994,-1,-17,1,0,0
995,18,-8,1,0,0
996,16,14,1,0,0
997,-4,22,1,0,0
998,-20,8,1,0,0
999,-16,-12,1,0,0
1000,2,-20,1,0,0
1001,17,-11,1,0,0
1002,21,7,1,0,0
1003,10,20,1,0,0
1004,-6,22,1,0,0
1005,-18,12,1,0,0
1006,-21,-3,1,0,0
1007,-15,-15,1,0,0
1008,-4,-20,1,0,0
1009,7,-19,1,0,0
1010,16,-12,1,0,0
1011,20,-4,1,0,0
1012,21,5,1,0,0
1013,18,12,1,0,0
1014,13,17,1,0,0
1015,8,20,1,0,0
1016,4,22,1,0,0
1017,0,22,1,0,0
1018,-4,22,1,0,0
1019,-5,21,1,0,0
1020,-5,19,1,0,0
1021,-5,15,1,0,0
1022,-4,12,1,0,0
1023,-2,8,1,0,0
1024,0,4,1,0,0
1025,0,2,1,0,0
1026,0,0,1,0,0
1027,0,2,1,0,0
1028,0,4,1,0,0
1029,-2,8,1,0,0
1030,-4,12,1,0,0
1031,-5,15,1,0,0
1032,-5,19,1,0,0
1033,-5,21,1,0,0
1034,-4,22,1,0,0
1035,0,22,1,0,0
1036,4,22,1,0,0
1037,8,20,1,0,0
1038,13,17,1,0,0
1039,18,12,1,0,0
1040,21,5,1,0,0
1041,20,-4,1,0,0
1042,16,-12,1,0,0
1043,7,-19,1,0,0
1044,-4,-20,1,0,0
1045,-15,-15,1,0,0
1046,-21,-3,1,0,0
1047,-18,12,1,0,0
1048,-6,22,1,0,0
1049,10,20,1,0,0
1050,21,7,1,0,0
1051,17,-11,1,0,0
1052,2,-20,1,0,0
1053,-16,-12,1,0,0
1054,-20,8,1,0,0
1055,-4,22,1,0,0
1056,16,14,1,0,0
1057,18,-8,1,0,0
1058,-1,-17,1,0,0
1059,-15,-3,1,0,0
1060,-6,10,1,0,0
1061,5,7,1,0,0
1062,3,-1,1,0,0
1063,0,0,1,0,0
1064,0,0,1,0,0
1065,1,-1,1,0,0
1066,2,-4,1,0,0
1067,-6,-6,1,0,0
1068,-9,5,1,0,0
1069,4,14,1,0,0
1070,18,0,1,0,0
1071,9,-19,1,0,0
1072,-13,-17,1,0,0
1073,-21,3,1,0,0
1074,-7,19,1,0,0
1075,13,15,1,0,0
1076,21,-3,1,0,0
1077,12,-18,1,0,0
1078,-6,-22,1,0,0
1079,-19,-11,1,0,0
1080,-21,5,1,0,0
1081,-11,17,1,0,0
1082,4,20,1,0,0
1083,15,15,1,0,0
1084,21,3,1,0,0
1085,20,-8,1,0,0
1086,13,-17,1,0,0
1087,5,-21,1,0,0
1088,-4,-22,1,0,0
1089,-11,-19,1,0,0
1090,-16,-14,1,0,0
1091,-19,-9,1,0,0
1092,-21,-5,1,0,0
1093,-21,-1,1,0,0
1094,-21,3,1,0,0
1095,-20,4,1,0,0
1096,-18,4,1,0,0
1097,-14,4,1,0,0
1098,-11,3,1,0,0
1099,-7,1,1,0,0
1100,-3,-1,1,0,0
1101,-1,-1,1,0,0
1102,0,0,1,0,0
1103,-1,-1,1,0,0
1104,-3,-1,1,0,0
1105,-7,1,1,0,0
1106,-11,3,1,0,0
1107,-14,4,1,0,0
1108,-18,4,1,0,0
1109,-20,4,1,0,0
1110,-21,3,1,0,0
1111,-21,-1,1,0,0
1112,-21,-5,1,0,0
1113,-19,-9,1,0,0
1114,-16,-14,1,0,0
1115,-11,-19,1,0,0
1116,-4,-22,1,0,0
1117,5,-21,1,0,0
1118,13,-17,1,0,0
1119,20,-8,1,0,0
1120,21,3,1,0,0
1121,15,15,1,0,0
1122,4,20,1,0,0
1123,-11,17,1,0,0
1124,-21,5,1,0,0
1125,-19,-11,1,0,0
1126,-6,-22,1,0,0
1127,12,-18,1,0,0
1128,21,-3,1,0,0
1129,13,15,1,0,0
1130,-7,19,1,0,0
1131,-21,3,1,0,0
1132,-13,-17,1,0,0
1133,9,-19,1,0,0
1134,18,0,1,0,0
1135,4,14,1,0,0
1136,-9,5,1,0,0
1137,-6,-6,1,0,0
1138,2,-4,1,0,0
1139,1,-1,1,0,0
1140,0,0,1,0,0
1141,0,0,1,0,0
1142,-3,1,1,0,0
1143,-5,-7,1,0,0
1144,6,-10,1,0,0
1145,15,3,1,0,0
1146,1,17,1,0,0
1147,-18,8,1,0,0
1148,-16,-14,1,0,0
1149,4,-22,1,0,0
1150,20,-8,1,0,0
1151,16,12,1,0,0
1152,-2,20,1,0,0
1153,-17,11,1,0,0
1154,-21,-7,1,0,0
1155,-10,-20,1,0,0
1156,6,-22,1,0,0
1157,18,-12,1,0,0
1158,21,3,1,0,0
1159,15,15,1,0,0
1160,4,20,1,0,0
1161,-7,19,1,0,0
1162,-16,12,1,0,0
1163,-20,4,1,0,0
1164,-21,-5,1,0,0
1165,-18,-12,1,0,0
1166,-13,-17,1,0,0
1167,-8,-20,1,0,0
1168,-4,-22,1,0,0
1169,0,-22,1,0,0
1170,4,-22,1,0,0
1171,5,-21,1,0,0
1172,5,-19,1,0,0
1173,5,-15,1,0,0
1174,4,-12,1,0,0
1175,2,-8,1,0,0
1176,0,-4,1,0,0
1177,0,-2,1,0,0
1178,0,0,1,0,0
1179,0,-2,1,0,0
1180,0,-4,1,0,0
1181,2,-8,1,0,0
1182,4,-12,1,0,0
1183,5,-15,1,0,0
1184,5,-19,1,0,0
1185,5,-21,1,0,0
1186,4,-22,1,0,0
1187,0,-22,1,0,0
1188,-4,-22,1,0,0
1189,-8,-20,1,0,0
1190,-13,-17,1,0,0
1191,-18,-12,1,0,0
1192,-21,-5,1,0,0
1193,-20,4,1,0,0
1194,-16,12,1,0,0
1195,-7,19,1,0,0
1196,4,20,1,0,0
1197,15,15,1,0,0
1198,21,3,1,0,0
1199,18,-12,1,0,0
1200,6,-22,1,0,0
1201,-10,-20,1,0,0
1202,-21,-7,1,0,0
1203,-17,11,1,0,0
1204,-2,20,1,0,0
1205,16,12,1,0,0
1206,20,-8,1,0,0
1207,4,-22,1,0,0
1208,-16,-14,1,0,0
1209,-18,8,1,0,0
1210,1,17,1,0,0
1211,15,3,1,0,0
1212,6,-10,1,0,0
1213,-5,-7,1,0,0
1214,-3,1,1,0,0
1215,0,0,1,0,0
1216,0,0,1,0,0
1217,-1,1,1,0,0
1218,-2,4,1,0,0
1219,6,6,1,0,0
1220,9,-5,1,0,0
1221,-4,-14,1,0,0
1222,-18,0,1,0,0
1223,-9,19,1,0,0
1224,13,17,1,0,0
1225,21,-3,1,0,0
1226,7,-19,1,0,0
1227,-13,-15,1,0,0
1228,-21,3,1,0,0
1229,-12,18,1,0,0
1230,6,22,1,0,0
1231,19,11,1,0,0
1232,21,-5,1,0,0
1233,11,-17,1,0,0
1234,-4,-20,1,0,0
1235,-15,-15,1,0,0
1236,-21,-3,1,0,0
1237,-20,8,1,0,0
1238,-13,17,1,0,0
1239,-5,21,1,0,0
1240,4,22,1,0,0
1241,11,19,1,0,0
1242,16,14,1,0,0
1243,19,9,1,0,0
1244,21,5,1,0,0
1245,21,1,1,0,0
1246,21,-3,1,0,0
1247,20,-4,1,0,0
1248,18,-4,1,0,0
1249,14,-4,1,0,0
1250,11,-3,1,0,0
1251,7,-1,1,0,0
1252,3,1,1,0,0
1253,1,1,1,0,0
1254,0,0,1,0,0
1255,1,1,1,0,0
1256,3,1,1,0,0
1257,7,-1,1,0,0
1258,11,-3,1,0,0
1259,14,-4,1,0,0
1260,18,-4,1,0,0
1261,20,-4,1,0,0
1262,21,-3,1,0,0
1263,21,1,1,0,0
1264,21,5,1,0,0
1265,19,9,1,0,0
1266,16,14,1,0,0
1267,11,19,1,0,0
1268,4,22,1,0,0
1269,-5,21,1,0,0
1270,-13,17,1,0,0
1271,-20,8,1,0,0
1272,-21,-3,1,0,0
1273,-15,-15,1,0,0
1274,-4,-20,1,0,0
1275,11,-17,1,0,0
1276,21,-5,1,0,0
1277,19,11,1,0,0
1278,6,22,1,0,0
1279,-12,18,1,0,0
1280,-21,3,1,0,0
1281,-13,-15,1,0,0
1282,7,-19,1,0,0
1283,21,-3,1,0,0
1284,13,17,1,0,0
1285,-9,19,1,0,0
1286,-18,0,1,0,0
1287,-4,-14,1,0,0
1288,9,-5,1,0,0
1289,6,6,1,0,0
1290,-2,4,1,0,0
1291,-1,1,1,0,0
1292,0,0,1,0,0
1293,0,0,1,0,0
1294,3,-1,1,0,0
1295,5,7,1,0,0
1296,-6,10,1,0,0
1297,-15,-3,1,0,0
1298,-1,-17,1,0,0
1299,18,-8,1,0,0
1300,16,14,1,0,0
1301,-4,22,1,0,0
1302,-20,8,1,0,0
1303,-16,-12,1,0,0
1304,2,-20,1,0,0
1305,17,-11,1,0,0
1306,21,7,1,0,0
1307,10,20,1,0,0
1308,-6,22,1,0,0
1309,-18,12,1,0,0
1310,-21,-3,1,0,0
1311,-15,-15,1,0,0
1312,-4,-20,1,0,0
1313,7,-19,1,0,0
1314,16,-12,1,0,0
1315,20,-4,1,0,0
1316,21,5,1,0,0
1317,18,12,1,0,0
1318,13,17,1,0,0
1319,8,20,1,0,0
1320,4,22,1,0,0
1321,0,22,1,0,0
1322,-4,22,1,0,0
1323,-5,21,1,0,0
1324,-5,19,1,0,0
1325,-5,15,1,0,0
1326,-4,12,1,0,0
1327,-2,8,1,0,0
1328,0,4,1,0,0
1329,0,2,1,0,0
1330,0,0,1,0,0
1331,0,2,1,0,0
1332,0,4,1,0,0
1333,-2,8,1,0,0
1334,-4,12,1,0,0
1335,-5,15,1,0,0
1336,-5,19,1,0,0
1337,-5,21,1,0,0
1338,-4,22,1,0,0
1339,0,22,1,0,0
1340,4,22,1,0,0
1341,8,20,1,0,0
1342,13,17,1,0,0
1343,18,12,1,0,0
1344,21,5,1,0,0
1345,20,-4,1,0,0
1346,16,-12,1,0,0
1347,7,-19,1,0,0
1348,-4,-20,1,0,0
1349,-15,-15,1,0,0
1350,-21,-3,1,0,0
1351,-18,12,1,0,0
1352,-6,22,1,0,0
1353,10,20,1,0,0
1354,21,7,1,0,0
1355,17,-11,1,0,0
1356,2,-20,1,0,0
1357,-16,-12,1,0,0
1358,-20,8,1,0,0
1359,-4,22,1,0,0
1360,16,14,1,0,0
1361,18,-8,1,0,0
1362,-1,-17,1,0,0
1363,-15,-3,1,0,0
1364,-6,10,1,0,0
1365,5,7,1,0,0
1366,3,-1,1,0,0
1367,0,0,1,0,0
1368,0,0,1,0,0
1369,1,-1,1,0,0
1370,2,-4,1,0,0
1371,-6,-6,1,0,0
1372,-9,5,1,0,0
1373,4,14,1,0,0
1374,18,0,1,0,0
1375,9,-19,1,0,0
1376,-13,-17,1,0,0
1377,-21,3,1,0,0
1378,-7,19,1,0,0
1379,13,15,1,0,0
1380,21,-3,1,0,0
1381,12,-18,1,0,0
1382,-6,-22,1,0,0
1383,-19,-11,1,0,0
1384,-21,5,1,0,0
1385,-11,17,1,0,0
1386,4,20,1,0,0
1387,15,15,1,0,0
1388,21,3,1,0,0
1389,20,-8,1,0,0
1390,13,-17,1,0,0
1391,5,-21,1,0,0
1392,-4,-22,1,0,0
1393,-11,-19,1,0,0
1394,-16,-14,1,0,0
1395,-19,-9,1,0,0
1396,-21,-5,1,0,0
1397,-21,-1,1,0,0
1398,-21,3,1,0,0
1399,-20,4,1,0,0
1400,-18,4,1,0,0
1401,-14,4,1,0,0
1402,-11,3,1,0,0
1403,-7,1,1,0,0
1404,-3,-1,1,0,0
1405,-1,-1,1,0,0
1406,0,0,1,0,0
1407,-1,-1,1,0,0
1408,-3,-1,1,0,0
1409,-7,1,1,0,0
1410,-11,3,1,0,0
1411,-14,4,1,0,0
1412,-18,4,1,0,0
1413,-20,4,1,0,0
1414,-21,3,1,0,0
1415,-21,-1,1,0,0
1416,-21,-5,1,0,0
1417,-19,-9,1,0,0
1418,-16,-14,1,0,0
1419,-11,-19,1,0,0
1420,-4,-22,1,0,0
1421,5,-21,1,0,0
1422,13,-17,1,0,0
1423,20,-8,1,0,0
1424,21,3,1,0,0
1425,15,15,1,0,0
1426,4,20,1,0,0
1427,-11,17,1,0,0
1428,-21,5,1,0,0
1429,-19,-11,1,0,0
1430,-6,-22,1,0,0
1431,12,-18,1,0,0
1432,21,-3,1,0,0
1433,13,15,1,0,0
1434,-7,19,1,0,0
1435,-21,3,1,0,0
1436,-13,-17,1,0,0
1437,9,-19,1,0,0
1438,18,0,1,0,0
1439,4,14,1,0,0
1440,-9,5,1,0,0
1441,-6,-6,1,0,0
1442,2,-4,1,0,0
1443,1,-1,1,0,0
1444,0,0,1,0,0
1445,0,0,1,0,0
1446,-3,1,1,0,0
1447,-5,-7,1,0,0
1448,6,-10,1,0,0
1449,15,3,1,0,0
1450,1,17,1,0,0
1451,-18,8,1,0,0
1452,-16,-14,1,0,0
1453,4,-22,1,0,0
1454,20,-8,1,0,0
1455,16,12,1,0,0
1456,-2,20,1,0,0
1457,-17,11,1,0,0
1458,-21,-7,1,0,0
1459,-10,-20,1,0,0
1460,6,-22,1,0,0
1461,18,-12,1,0,0
1462,21,3,1,0,0
1463,15,15,1,0,0
1464,4,20,1,0,0
1465,-7,19,1,0,0
1466,-16,12,1,0,0
1467,-20,4,1,0,0
1468,-21,-5,1,0,0
1469,-18,-12,1,0,0
1470,-13,-17,1,0,0
1471,-8,-20,1,0,0
1472,-4,-22,1,0,0
1473,0,-22,1,0,0
1474,4,-22,1,0,0
1475,5,-21,1,0,0
1476,5,-19,1,0,0
1477,5,-15,1,0,0
1478,4,-12,1,0,0
1479,2,-8,1,0,0
1480,0,-4,1,0,0
1481,0,-2,1,0,0
1482,0,0,1,0,0
1483,0,-2,1,0,0
1484,0,-4,1,0,0
1485,2,-8,1,0,0
1486,4,-12,1,0,0
1487,5,-15,1,0,0
1488,5,-19,1,0,0
1489,5,-21,1,0,0
1490,4,-22,1,0,0
1491,0,-22,1,0,0
1492,-4,-22,1,0,0
1493,-8,-20,1,0,0
1494,-13,-17,1,0,0
1495,-18,-12,1,0,0
1496,-21,-5,1,0,0
1497,-20,4,1,0,0
1498,-16,12,1,0,0
1499,-7,19,1,0,0
1500,4,20,1,0,0
1501,15,15,1,0,0
1502,21,3,1,0,0
1503,18,-12,1,0,0
1504,6,-22,1,0,0
1505,-10,-20,1,0,0
1506,-21,-7,1,0,0
1507,-17,11,1,0,0
1508,-2,20,1,0,0
1509,16,12,1,0,0
1510,20,-8,1,0,0
1511,4,-22,1,0,0
1512,-16,-14,1,0,0
1513,-18,8,1,0,0
1514,1,17,1,0,0
1515,15,3,1,0,0
1516,6,-10,1,0,0
1517,-5,-7,1,0,0
1518,-3,1,1,0,0
1519,0,0,1,0,0
1520,0,0,1,0,0
1521,-1,1,1,0,0
1522,-2,4,1,0,0
1523,6,6,1,0,0
1524,9,-5,1,0,0
1525,-4,-14,1,0,0
1526,-18,0,1,0,0
1527,-9,19,1,0,0
1528,13,17,1,0,0
1529,21,-3,1,0,0
1530,7,-19,1,0,0
1531,-13,-15,1,0,0
1532,-21,3,1,0,0
1533,-12,18,1,0,0
1534,6,22,1,0,0
1535,19,11,1,0,0
1536,21,-5,1,0,0
1537,11,-17,1,0,0
1538,-4,-20,1,0,0
1539,-15,-15,1,0,0
1540,-21,-3,1,0,0
1541,-20,8,1,0,0
1542,-13,17,1,0,0
1543,-5,21,1,0,0
1544,4,22,1,0,0
1545,11,19,1,0,0
1546,16,14,1,0,0
1547,19,9,1,0,0
1548,21,5,1,0,0
1549,21,1,1,0,0
1550,21,-3,1,0,0
1551,20,-4,1,0,0
1552,18,-4,1,0,0
1553,14,-4,1,0,0
1554,11,-3,1,0,0
1555,7,-1,1,0,0
1556,3,1,1,0,0
1557,1,1,1,0,0
1558,0,0,1,0,0
1559,1,1,1,0,0
1560,3,1,1,0,0
1561,7,-1,1,0,0
1562,11,-3,1,0,0
1563,14,-4,1,0,0
1564,18,-4,1,0,0
1565,20,-4,1,0,0
1566,21,-3,1,0,0
1567,21,1,1,0,0
1568,21,5,1,0,0
1569,19,9,1,0,0
1570,16,14,1,0,0
1571,11,19,1,0,0
1572,4,22,1,0,0
1573,-5,21,1,0,0
1574,-13,17,1,0,0
1575,-20,8,1,0,0
1576,-21,-3,1,0,0
1577,-15,-15,1,0,0
1578,-4,-20,1,0,0
1579,11,-17,1,0,0
1580,21,-5,1,0,0
1581,19,11,1,0,0
1582,6,22,1,0,0
1583,-12,18,1,0,0
1584,-21,3,1,0,0
1585,-13,-15,1,0,0
1586,7,-19,1,0,0
1587,21,-3,1,0,0
1588,13,17,1,0,0
1589,-9,19,1,0,0
1590,-18,0,1,0,0
1591,-4,-14,1,0,0
1592,9,-5,1,0,0
1593,6,6,1,0,0
1594,-2,4,1,0,0
1595,-1,1,1,0,0
1596,0,0,1,0,0
1597,0,0,1,0,0
1598,3,-1,1,0,0
1599,5,7,1,0,0
1600,-6,10,1,0,0
1601,-15,-3,1,0,0
1602,-1,-17,1,0,0
1603,18,-8,1,0,0
1604,16,14,1,0,0
1605,-4,22,1,0,0
1606,-20,8,1,0,0
1607,-16,-12,1,0,0
1608,2,-20,1,0,0
1609,17,-11,1,0,0
1610,21,7,1,0,0
1611,10,20,1,0,0
1612,-6,22,1,0,0
1613,-18,12,1,0,0
1614,-21,-3,1,0,0
1615,-15,-15,1,0,0
1616,-4,-20,1,0,0
1617,7,-19,1,0,0
1618,16,-12,1,0,0
1619,20,-4,1,0,0
1620,21,5,1,0,0
1621,18,12,1,0,0
1622,13,17,1,0,0
1623,8,20,1,0,0
1624,4,22,1,0,0
1625,0,22,1,0,0
1626,-4,22,1,0,0
1627,-5,21,1,0,0
1628,-5,19,1,0,0
1629,-5,15,1,0,0
1630,-4,12,1,0,0
1631,-2,8,1,0,0
1632,0,4,1,0,0
1633,0,2,1,0,0
1634,0,0,1,0,0
1635,0,2,1,0,0
1636,0,4,1,0,0
1637,-2,8,1,0,0
1638,-4,12,1,0,0
1639,-5,15,1,0,0
1640,-5,19,1,0,0
1641,-5,21,1,0,0
1642,-4,22,1,0,0
1643,0,22,1,0,0
1644,4,22,1,0,0
1645,8,20,1,0,0
1646,13,17,1,0,0
1647,18,12,1,0,0
1648,21,5,1,0,0
1649,20,-4,1,0,0
1650,16,-12,1,0,0
1651,7,-19,1,0,0
1652,-4,-20,1,0,0
1653,-15,-15,1,0,0
1654,-21,-3,1,0,0
1655,-18,12,1,0,0
1656,-6,22,1,0,0
1657,10,20,1,0,0
1658,21,7,1,0,0
1659,17,-11,1,0,0
1660,2,-20,1,0,0
1661,-16,-12,1,0,0
1662,-20,8,1,0,0
1663,-4,22,1,0,0
1664,16,14,1,0,0
1665,18,-8,1,0,0
1666,-1,-17,1,0,0
1667,-15,-3,1,0,0
1668,-6,10,1,0,0
1669,5,7,1,0,0
1670,3,-1,1,0,0
1671,0,0,1,0,0
1672,0,0,1,0,0
1673,1,-1,1,0,0
1674,2,-4,1,0,0
1675,-6,-6,1,0,0
1676,-9,5,1,0,0
1677,4,14,1,0,0
1678,18,0,1,0,0
1679,9,-19,1,0,0
1680,-13,-17,1,0,0
1681,-21,3,1,0,0
1682,-7,19,1,0,0
1683,13,15,1,0,0
1684,21,-3,1,0,0
1685,12,-18,1,0,0
1686,-6,-22,1,0,0
1687,-19,-11,1,0,0
1688,-21,5,1,0,0
1689,-11,17,1,0,0
1690,4,20,1,0,0
1691,15,15,1,0,0
1692,21,3,1,0,0
1693,20,-8,1,0,0
1694,13,-17,1,0,0
1695,5,-21,1,0,0
1696,-4,-22,1,0,0
1697,-11,-19,1,0,0
1698,-16,-14,1,0,0
1699,-19,-9,1,0,0
1700,-21,-5,1,0,0
1701,-21,-1,1,0,0
1702,-21,3,1,0,0
1703,-20,4,1,0,0
1704,-18,4,1,0,0
1705,-14,4,1,0,0
1706,-11,3,1,0,0
1707,-7,1,1,0,0
1708,-3,-1,1,0,0
1709,-1,-1,1,0,0
1710,0,0,1,0,0
1711,-1,-1,1,0,0
1712,-3,-1,1,0,0
1713,-7,1,1,0,0
1714,-11,3,1,0,0
1715,-14,4,1,0,0
1716,-18,4,1,0,0
1717,-20,4,1,0,0
1718,-21,3,1,0,0
1719,-21,-1,1,0,0
1720,-21,-5,1,0,0
1721,-19,-9,1,0,0
1722,-16,-14,1,0,0
1723,-11,-19,1,0,0
1724,-4,-22,1,0,0
1725,5,-21,1,0,0
1726,13,-17,1,0,0
1727,20,-8,1,0,0
1728,21,3,1,0,0
1729,15,15,1,0,0
1730,4,20,1,0,0
1731,-11,17,1,0,0
1732,-21,5,1,0,0
1733,-19,-11,1,0,0
1734,-6,-22,1,0,0
1735,12,-18,1,0,0
1736,21,-3,1,0,0
1737,13,15,1,0,0
1738,-7,19,1,0,0
1739,-21,3,1,0,0
1740,-13,-17,1,0,0
1741,9,-19,1,0,0
1742,18,0,1,0,0
1743,4,14,1,0,0
1744,-9,5,1,0,0
1745,-6,-6,1,0,0
1746,2,-4,1,0,0
1747,1,-1,1,0,0
1748,0,0,1,0,0
1749,0,0,1,0,0
1750,-3,1,1,0,0
1751,-5,-7,1,0,0
1752,6,-10,1,0,0
1753,15,3,1,0,0
1754,1,17,1,0,0
1755,-18,8,1,0,0
1756,-16,-14,1,0,0
1757,4,-22,1,0,0
1758,20,-8,1,0,0
1759,16,12,1,0,0
1760,-2,20,1,0,0
1761,-17,11,1,0,0
1762,-21,-7,1,0,0
1763,-10,-20,1,0,0
1764,6,-22,1,0,0
1765,18,-12,1,0,0
1766,21,3,1,0,0
1767,15,15,1,0,0
1768,4,20,1,0,0
1769,-7,19,1,0,0
1770,-16,12,1,0,0
1771,-20,4,1,0,0
1772,-21,-5,1,0,0
1773,-18,-12,1,0,0
1774,-13,-17,1,0,0
1775,-8,-20,1,0,0
1776,-4,-22,1,0,0
1777,0,-22,1,0,0
1778,4,-22,1,0,0
1779,5,-21,1,0,0
1780,5,-19,1,0,0
1781,5,-15,1,0,0
1782,4,-12,1,0,0
1783,2,-8,1,0,0
1784,0,-4,1,0,0
1785,0,-2,1,0,0
1786,0,0,1,0,0
1787,0,-2,1,0,0
1788,0,-4,1,0,0
1789,2,-8,1,0,0
1790,4,-12,1,0,0
1791,5,-15,1,0,0
1792,5,-19,1,0,0
1793,5,-21,1,0,0
1794,4,-22,1,0,0
1795,0,-22,1,0,0
1796,-4,-22,1,0,0
1797,-8,-20,1,0,0
1798,-13,-17,1,0,0
1799,-18,-12,1,0,0
1800,-21,-5,1,0,0
1801,-20,4,1,0,0
1802,-16,12,1,0,0
1803,-7,19,1,0,0
1804,4,20,1,0,0
1805,15,15,1,0,0
1806,21,3,1,0,0
1807,18,-12,1,0,0
1808,6,-22,1,0,0
1809,-10,-20,1,0,0
1810,-21,-7,1,0,0
1811,-17,11,1,0,0
1812,-2,20,1,0,0
1813,16,12,1,0,0
1814,20,-8,1,0,0
1815,4,-22,1,0,0
1816,-16,-14,1,0,0
1817,-18,8,1,0,0
1818,1,17,1,0,0
1819,15,3,1,0,0
1820,6,-10,1,0,0
1821,-5,-7,1,0,0
1822,-3,1,1,0,0
1823,0,0,1,0,0
1824,0,0,1,0,0
1825,-1,1,1,0,0
1826,-2,4,1,0,0
1827,6,6,1,0,0
1828,9,-5,1,0,0
1829,-4,-14,1,0,0
1830,-18,0,1,0,0
1831,-9,19,1,0,0
1832,13,17,1,0,0
1833,21,-3,1,0,0
1834,7,-19,1,0,0
1835,-13,-15,1,0,0
1836,-21,3,1,0,0
1837,-12,18,1,0,0
1838,6,22,1,0,0
1839,19,11,1,0,0
1840,21,-5,1,0,0
1841,11,-17,1,0,0
1842,-4,-20,1,0,0
1843,-15,-15,1,0,0
1844,-21,-3,1,0,0
1845,-20,8,1,0,0
1846,-13,17,1,0,0
1847,-5,21,1,0,0
1848,4,22,1,0,0
1849,11,19,1,0,0
1850,16,14,1,0,0
1851,19,9,1,0,0
1852,21,5,1,0,0
1853,21,1,1,0,0
1854,21,-3,1,0,0
1855,20,-4,1,0,0
1856,18,-4,1,0,0
1857,14,-4,1,0,0
1858,11,-3,1,0,0
1859,7,-1,1,0,0
1860,3,1,1,0,0
1861,1,1,1,0,0
1862,0,0,1,0,0
1863,1,1,1,0,0
1864,3,1,1,0,0
1865,7,-1,1,0,0
1866,11,-3,1,0,0
1867,14,-4,1,0,0
1868,18,-4,1,0,0
1869,20,-4,1,0,0
1870,21,-3,1,0,0
1871,21,1,1,0,0
1872,21,5,1,0,0
1873,19,9,1,0,0
1874,16,14,1,0,0
1875,11,19,1,0,0
1876,4,22,1,0,0
1877,-5,21,1,0,0
1878,-13,17,1,0,0
1879,-20,8,1,0,0
1880,-21,-3,1,0,0
1881,-15,-15,1,0,0
1882,-4,-20,1,0,0
1883,11,-17,1,0,0
1884,21,-5,1,0,0
1885,19,11,1,0,0
1886,6,22,1,0,0
1887,-12,18,1,0,0
1888,-21,3,1,0,0
1889,-13,-15,1,0,0
1890,7,-19,1,0,0
1891,21,-3,1,0,0
1892,13,17,1,0,0
1893,-9,19,1,0,0
1894,-18,0,1,0,0
1895,-4,-14,1,0,0
1896,9,-5,1,0,0
1897,6,6,1,0,0
1898,-2,4,1,0,0
1899,-1,1,1,0,0
1900,0,0,1,0,0
1901,0,0,1,0,0
1902,3,-1,1,0,0
1903,5,7,1,0,0
1904,-6,10,1,0,0
1905,-15,-3,1,0,0
1906,-1,-17,1,0,0
1907,18,-8,1,0,0
1908,16,14,1,0,0
1909,-4,22,1,0,0
1910,-20,8,1,0,0
1911,-16,-12,1,0,0
1912,2,-20,1,0,0
1913,17,-11,1,0,0
1914,21,7,1,0,0
1915,10,20,1,0,0
1916,-6,22,1,0,0
1917,-18,12,1,0,0
1918,-21,-3,1,0,0
1919,-15,-15,1,0,0
1920,-4,-20,1,0,0
1921,7,-19,1,0,0
1922,16,-12,1,0,0
1923,20,-4,1,0,0
1924,21,5,1,0,0
1925,18,12,1,0,0
1926,13,17,1,0,0
1927,8,20,1,0,0
1928,4,22,1,0,0
1929,0,22,1,0,0
1930,-4,22,1,0,0
1931,-5,21,1,0,0
1932,-5,19,1,0,0
1933,-5,15,1,0,0
1934,-4,12,1,0,0
1935,-2,8,1,0,0
1936,0,4,1,0,0
1937,0,2,1,0,0
1938,0,0,1,0,0
1939,0,2,1,0,0
1940,0,4,1,0,0
1941,-2,8,1,0,0
1942,-4,12,1,0,0
1943,-5,15,1,0,0
1944,-5,19,1,0,0
1945,-5,21,1,0,0
1946,-4,22,1,0,0
1947,0,22,1,0,0
1948,4,22,1,0,0
1949,8,20,1,0,0
1950,13,17,1,0,0
1951,18,12,1,0,0
1952,21,5,1,0,0
1953,20,-4,1,0,0
1954,16,-12,1,0,0
1955,7,-19,1,0,0
1956,-4,-20,1,0,0
1957,-15,-15,1,0,0
1958,-21,-3,1,0,0
1959,-18,12,1,0,0
1960,-6,22,1,0,0
1961,10,20,1,0,0
1962,21,7,1,0,0
1963,17,-11,1,0,0
1964,2,-20,1,0,0
1965,-16,-12,1,0,0
1966,-20,8,1,0,0
1967,-4,22,1,0,0
1968,16,14,1,0,0
1969,18,-8,1,0,0
1970,-1,-17,1,0,0
1971,-15,-3,1,0,0
1972,-6,10,1,0,0
1973,5,7,1,0,0
1974,3,-1,1,0,0
1975,0,0,1,0,0
1976,0,0,1,0,0
1977,1,-1,1,0,0
1978,2,-4,1,0,0
1979,-6,-6,1,0,0
1980,-9,5,1,0,0
1981,4,14,1,0,0
1982,18,0,1,0,0
1983,9,-19,1,0,0
1984,-13,-17,1,0,0
1985,-21,3,1,0,0
1986,-7,19,1,0,0
1987,13,15,1,0,0
1988,21,-3,1,0,0
1989,12,-18,1,0,0
1990,-6,-22,1,0,0
1991,-19,-11,1,0,0
1992,-21,5,1,0,0
1993,-11,17,1,0,0
1994,4,20,1,0,0
1995,15,15,1,0,0
1996,21,3,1,0,0
1997,20,-8,1,0,0
1998,13,-17,1,0,0
1999,5,-21,1,0,0
2000,-4,-22,1,0,0
2001,-11,-19,1,0,0
2002,-16,-14,1,0,0
2003,-19,-9,1,0,0
2004,-21,-5,1,0,0
2005,-21,-1,1,0,0
2006,-21,3,1,0,0
2007,-20,4,1,0,0
2008,-18,4,1,0,0
2009,-14,4,1,0,0
2010,-11,3,1,0,0
2011,-7,1,1,0,0
2012,-3,-1,1,0,0
2013,-1,-1,1,0,0
2014,0,0,1,0,0
2015,-1,-1,1,0,0
2016,-3,-1,1,0,0
2017,-7,1,1,0,0
2018,-11,3,1,0,0
2019,-14,4,1,0,0
2020,-18,4,1,0,0
2021,-20,4,1,0,0
2022,-21,3,1,0,0
2023,-21,-1,1,0,0
2024,-21,-5,1,0,0
2025,-19,-9,1,0,0
2026,-16,-14,1,0,0
2027,-11,-19,1,0,0
2028,-4,-22,1,0,0
2029,5,-21,1,0,0
2030,13,-17,1,0,0
2031,20,-8,1,0,0
2032,21,3,1,0,0
2033,15,15,1,0,0
2034,4,20,1,0,0
2035,-11,17,1,0,0
2036,-21,5,1,0,0
2037,-19,-11,1,0,0
2038,-6,-22,1,0,0
2039,12,-18,1,0,0
2040,21,-3,1,0,0
2041,13,15,1,0,0
2042,-7,19,1,0,0
2043,-21,3,1,0,0
2044,-13,-17,1,0,0
2045,9,-19,1,0,0
2046,18,0,1,0,0
2047,4,14,1,0,0
2048,-9,5,1,0,0
2049,-6,-6,1,0,0
2050,2,-4,1,0,0
2051,1,-1,1,0,0
2052,0,0,1,0,0
2053,0,0,1,0,0
2054,-3,1,1,0,0
2055,-5,-7,1,0,0
2056,6,-10,1,0,0
2057,15,3,1,0,0
2058,1,17,1,0,0
2059,-18,8,1,0,0
2060,-16,-14,1,0,0
2061,4,-22,1,0,0
2062,20,-8,1,0,0
2063,16,12,1,0,0
2064,-2,20,1,0,0
2065,-17,11,1,0,0
2066,-21,-7,1,0,0
2067,-10,-20,1,0,0
2068,6,-22,1,0,0
2069,18,-12,1,0,0
2070,21,3,1,0,0
2071,15,15,1,0,0
2072,4,20,1,0,0
2073,-7,19,1,0,0
2074,-16,12,1,0,0
2075,-20,4,1,0,0
2076,-21,-5,1,0,0
2077,-18,-12,1,0,0
2078,-13,-17,1,0,0
2079,-8,-20,1,0,0
2080,-4,-22,1,0,0
2081,0,-22,1,0,0
2082,4,-22,1,0,0
2083,5,-21,1,0,0
2084,5,-19,1,0,0
2085,5,-15,1,0,0
2086,4,-12,1,0,0
2087,2,-8,1,0,0
2088,0,-4,1,0,0
2089,0,-2,1,0,0
2090,0,0,1,0,0
2091,0,-2,1,0,0
2092,0,-4,1,0,0
2093,2,-8,1,0,0
2094,4,-12,1,0,0
2095,5,-15,1,0,0
2096,5,-19,1,0,0
2097,5,-21,1,0,0
2098,4,-22,1,0,0
2099,0,-22,1,0,0
2100,-4,-22,1,0,0
2101,-8,-20,1,0,0
2102,-13,-17,1,0,0
2103,-18,-12,1,0,0
2104,-21,-5,1,0,0
2105,-20,4,1,0,0
2106,-16,12,1,0,0
2107,-7,19,1,0,0
2108,4,20,1,0,0
2109,15,15,1,0,0
2110,21,3,1,0,0
2111,18,-12,1,0,0
2112,6,-22,1,0,0
2113,-10,-20,1,0,0
2114,-21,-7,1,0,0
2115,-17,11,1,0,0
2116,-2,20,1,0,0
2117,16,12,1,0,0
2118,20,-8,1,0,0
2119,4,-22,1,0,0
2120,-16,-14,1,0,0
2121,-18,8,1,0,0
2122,1,17,1,0,0
2123,15,3,1,0,0
2124,6,-10,1,0,0
2125,-5,-7,1,0,0
2126,-3,1,1,0,0
2127,0,0,1,0,0
2128,0,0,1,0,0
2129,-1,1,1,0,0
2130,-2,4,1,0,0
2131,6,6,1,0,0
2132,9,-5,1,0,0
2133,-4,-14,1,0,0
2134,-18,0,1,0,0
2135,-9,19,1,0,0
2136,13,17,1,0,0
2137,21,-3,1,0,0
2138,7,-19,1,0,0
2139,-13,-15,1,0,0
2140,-21,3,1,0,0
2141,-12,18,1,0,0
2142,6,22,1,0,0
2143,19,11,1,0,0
2144,21,-5,1,0,0
2145,11,-17,1,0,0
2146,-4,-20,1,0,0
2147,-15,-15,1,0,0
2148,-21,-3,1,0,0
2149,-20,8,1,0,0
2150,-13,17,1,0,0
2151,-5,21,1,0,0
2152,4,22,1,0,0
2153,11,19,1,0,0
2154,16,14,1,0,0
2155,19,9,1,0,0
2156,21,5,1,0,0
2157,21,1,1,0,0
2158,21,-3,1,0,0
2159,20,-4,1,0,0
2160,18,-4,1,0,0
2161,14,-4,1,0,0
2162,11,-3,1,0,0
2163,7,-1,1,0,0
2164,3,1,1,0,0
2165,1,1,1,0,0
2166,0,0,1,0,0
2167,1,1,1,0,0
2168,3,1,1,0,0
2169,7,-1,1,0,0
2170,11,-3,1,0,0
2171,14,-4,1,0,0
2172,18,-4,1,0,0
2173,20,-4,1,0,0
2174,21,-3,1,0,0
2175,21,1,1,0,0
2176,21,5,1,0,0
2177,19,9,1,0,0
2178,16,14,1,0,0
2179,11,19,1,0,0
2180,4,22,1,0,0
2181,-5,21,1,0,0
2182,-13,17,1,0,0
2183,-20,8,1,0,0
2184,-21,-3,1,0,0
2185,-15,-15,1,0,0
2186,-4,-20,1,0,0
2187,11,-17,1,0,0
2188,21,-5,1,0,0
2189,19,11,1,0,0
2190,6,22,1,0,0
2191,-12,18,1,0,0
2192,-21,3,1,0,0
2193,-13,-15,1,0,0
2194,7,-19,1,0,0
2195,21,-3,1,0,0
2196,13,17,1,0,0
2197,-9,19,1,0,0
2198,-18,0,1,0,0
2199,-4,-14,1,0,0
2200,9,-5,1,0,0
2201,6,6,1,0,0
2202,-2,4,1,0,0
2203,-1,1,1,0,0
2204,0,0,1,0,0
2205,0,0,1,0,0
2206,3,-1,1,0,0
2207,5,7,1,0,0
2208,-6,10,1,0,0
2209,-15,-3,1,0,0
2210,-1,-17,1,0,0
2211,18,-8,1,0,0
2212,16,14,1,0,0
2213,-4,22,1,0,0
2214,-20,8,1,0,0
2215,-16,-12,1,0,0
2216,2,-20,1,0,0
2217,17,-11,1,0,0
2218,21,7,1,0,0
2219,10,20,1,0,0
2220,-6,22,1,0,0
2221,-18,12,1,0,0
2222,-21,-3,1,0,0
2223,-15,-15,1,0,0
2224,-4,-20,1,0,0
2225,7,-19,1,0,0
2226,16,-12,1,0,0
2227,20,-4,1,0,0
2228,21,5,1,0,0
2229,18,12,1,0,0
2230,13,17,1,0,0
2231,8,20,1,0,0
2232,4,22,1,0,0
2233,0,22,1,0,0
2234,-4,22,1,0,0
2235,-5,21,1,0,0
2236,-5,19,1,0,0
2237,-5,15,1,0,0
2238,-4,12,1,0,0
2239,-2,8,1,0,0
2240,0,4,1,0,0
2241,0,2,1,0,0
2242,0,0,1,0,0
2243,0,2,1,0,0
2244,0,4,1,0,0
2245,-2,8,1,0,0
2246,-4,12,1,0,0
2247,-5,15,1,0,0
2248,-5,19,1,0,0
2249,-5,21,1,0,0
2250,-4,22,1,0,0
2251,0,22,1,0,0
2252,4,22,1,0,0
2253,8,20,1,0,0
2254,13,17,1,0,0
2255,18,12,1,0,0
2256,21,5,1,0,0
2257,20,-4,1,0,0
2258,16,-12,1,0,0
2259,7,-19,1,0,0
2260,-4,-20,1,0,0
2261,-15,-15,1,0,0
2262,-21,-3,1,0,0
2263,-18,12,1,0,0
2264,-6,22,1,0,0
2265,10,20,1,0,0
2266,21,7,1,0,0
2267,17,-11,1,0,0
2268,2,-20,1,0,0
2269,-16,-12,1,0,0
2270,-20,8,1,0,0
2271,-4,22,1,0,0
2272,16,14,1,0,0
2273,18,-8,1,0,0
2274,-1,-17,1,0,0
2275,-15,-3,1,0,0
2276,-6,10,1,0,0
2277,5,7,1,0,0
2278,3,-1,1,0,0
2279,0,0,1,0,0
2280,0,0,1,0,0
2281,1,-1,1,0,0
2282,2,-4,1,0,0
2283,-6,-6,1,0,0
2284,-9,5,1,0,0
2285,4,14,1,0,0
2286,18,0,1,0,0
2287,9,-19,1,0,0
2288,-13,-17,1,0,0
2289,-21,3,1,0,0
2290,-7,19,1,0,0
2291,13,15,1,0,0
2292,21,-3,1,0,0
2293,12,-18,1,0,0
2294,-6,-22,1,0,0
2295,-19,-11,1,0,0
2296,-21,5,1,0,0
2297,-11,17,1,0,0
2298,4,20,1,0,0
2299,15,15,1,0,0
2300,21,3,1,0,0
2301,20,-8,1,0,0
2302,13,-17,1,0,0
2303,5,-21,1,0,0
2304,-4,-22,1,0,0
2305,-11,-19,1,0,0
2306,-16,-14,1,0,0
2307,-19,-9,1,0,0
2308,-21,-5,1,0,0
2309,-21,-1,1,0,0
2310,-21,3,1,0,0
2311,-20,4,1,0,0
2312,-18,4,1,0,0
2313,-14,4,1,0,0
2314,-11,3,1,0,0
2315,-7,1,1,0,0
2316,-3,-1,1,0,0
2317,-1,-1,1,0,0
2318,0,0,1,0,0
2319,-1,-1,1,0,0
2320,-3,-1,1,0,0
2321,-7,1,1,0,0
2322,-11,3,1,0,0
2323,-14,4,1,0,0
2324,-18,4,1,0,0
2325,-20,4,1,0,0
2326,-21,3,1,0,0
2327,-21,-1,1,0,0
2328,-21,-5,1,0,0
2329,-19,-9,1,0,0
2330,-16,-14,1,0,0
2331,-11,-19,1,0,0
2332,-4,-22,1,0,0
2333,5,-21,1,0,0
2334,13,-17,1,0,0
2335,20,-8,1,0,0
2336,21,3,1,0,0
2337,15,15,1,0,0
2338,4,20,1,0,0
2339,-11,17,1,0,0
2340,-21,5,1,0,0
2341,-19,-11,1,0,0
2342,-6,-22,1,0,0
2343,12,-18,1,0,0
2344,21,-3,1,0,0
2345,13,15,1,0,0
2346,-7,19,1,0,0
2347,-21,3,1,0,0
2348,-13,-17,1,0,0
2349,9,-19,1,0,0
2350,18,0,1,0,0
2351,4,14,1,0,0
2352,-9,5,1,0,0
2353,-6,-6,1,0,0
2354,2,-4,1,0,0
2355,1,-1,1,0,0
2356,0,0,1,0,0
2357,0,0,1,0,0
2358,-3,1,1,0,0
2359,-5,-7,1,0,0
2360,6,-10,1,0,0
2361,15,3,1,0,0
2362,1,17,1,0,0
2363,-18,8,1,0,0
2364,-16,-14,1,0,0
2365,4,-22,1,0,0
2366,20,-8,1,0,0
2367,16,12,1,0,0
2368,-2,20,1,0,0
2369,-17,11,1,0,0
2370,-21,-7,1,0,0
2371,-10,-20,1,0,0
2372,6,-22,1,0,0
2373,18,-12,1,0,0
2374,21,3,1,0,0
2375,15,15,1,0,0
2376,4,20,1,0,0
2377,-7,19,1,0,0
2378,-16,12,1,0,0
2379,-20,4,1,0,0
2380,-21,-5,1,0,0
2381,-18,-12,1,0,0
2382,-13,-17,1,0,0
2383,-8,-20,1,0,0
2384,-4,-22,1,0,0
2385,0,-22,1,0,0
2386,4,-22,1,0,0
2387,5,-21,1,0,0
2388,5,-19,1,0,0
2389,5,-15,1,0,0
2390,4,-12,1,0,0
2391,2,-8,1,0,0
2392,0,-4,1,0,0
2393,0,-2,1,0,0
2394,0,0,1,0,0
2395,0,-2,1,0,0
2396,0,-4,1,0,0
2397,2,-8,1,0,0
2398,4,-12,1,0,0
2399,5,-15,1,0,0
2400,5,-19,1,0,0
2401,5,-21,1,0,0
2402,4,-22,1,0,0
2403,0,-22,1,0,0
2404,-4,-22,1,0,0
2405,-8,-20,1,0,0
2406,-13,-17,1,0,0
2407,-18,-12,1,0,0
2408,-21,-5,1,0,0
2409,-20,4,1,0,0
2410,-16,12,1,0,0
2411,-7,19,1,0,0
2412,4,20,1,0,0
2413,15,15,1,0,0
2414,21,3,1,0,0
2415,18,-12,1,0,0
2416,6,-22,1,0,0
2417,-10,-20,1,0,0
2418,-21,-7,1,0,0
2419,-17,11,1,0,0
2420,-2,20,1,0,0
2421,16,12,1,0,0
2422,20,-8,1,0,0
2423,4,-22,1,0,0
2424,-16,-14,1,0,0
2425,-18,8,1,0,0
2426,1,17,1,0,0
2427,15,3,1,0,0
2428,6,-10,1,0,0
2429,-5,-7,1,0,0
2430,-3,1,1,0,0
2431,0,0,1,0,0
2432,0,0,1,0,0
2433,-1,1,1,0,0
2434,-2,4,1,0,0
2435,6,6,1,0,0
2436,9,-5,1,0,0
2437,-4,-14,1,0,0
2438,-18,0,1,0,0
2439,-9,19,1,0,0
2440,13,17,1,0,0
2441,21,-3,1,0,0
2442,7,-19,1,0,0
2443,-13,-15,1,0,0
2444,-21,3,1,0,0
2445,-12,18,1,0,0
2446,6,22,1,0,0
2447,19,11,1,0,0
2448,21,-5,1,0,0
2449,11,-17,1,0,0
2450,-4,-20,1,0,0
2451,-15,-15,1,0,0
2452,-21,-3,1,0,0
2453,-20,8,1,0,0
2454,-13,17,1,0,0
2455,-5,21,1,0,0
2456,4,22,1,0,0
2457,11,19,1,0,0
2458,16,14,1,0,0
2459,19,9,1,0,0
2460,21,5,1,0,0
2461,21,1,1,0,0
2462,21,-3,1,0,0
2463,20,-4,1,0,0
2464,18,-4,1,0,0
2465,14,-4,1,0,0
2466,11,-3,1,0,0
2467,7,-1,1,0,0
2468,3,1,1,0,0
2469,1,1,1,0,0
2470,0,0,1,0,0
2471,1,1,1,0,0
2472,3,1,1,0,0
2473,7,-1,1,0,0
2474,11,-3,1,0,0
2475,14,-4,1,0,0
2476,18,-4,1,0,0
2477,20,-4,1,0,0
2478,21,-3,1,0,0
2479,21,1,1,0,0
2480,21,5,1,0,0
2481,19,9,1,0,0
2482,16,14,1,0,0
2483,11,19,1,0,0
2484,4,22,1,0,0
2485,-5,21,1,0,0
2486,-13,17,1,0,0
2487,-20,8,1,0,0
2488,-21,-3,1,0,0
2489,-15,-15,1,0,0
2490,-4,-20,1,0,0
2491,11,-17,1,0,0
2492,21,-5,1,0,0
2493,19,11,1,0,0
2494,6,22,1,0,0
2495,-12,18,1,0,0
2496,-21,3,1,0,0
2497,-13,-15,1,0,0
2498,7,-19,1,0,0
2499,21,-3,1,0,0
2500,13,17,1,0,0
2501,-9,19,1,0,0
2502,-18,0,1,0,0
2503,-4,-14,1,0,0
2504,9,-5,1,0,0
2505,6,6,1,0,0
2506,-2,4,1,0,0
2507,-1,1,1,0,0
2508,0,0,1,0,0
2509,0,0,1,0,0
2510,3,-1,1,0,0
2511,5,7,1,0,0
2512,-6,10,1,0,0
2513,-15,-3,1,0,0
2514,-1,-17,1,0,0
2515,18,-8,1,0,0
2516,16,14,1,0,0
2517,-4,22,1,0,0
2518,-20,8,1,0,0
2519,-16,-12,1,0,0
2520,2,-20,1,0,0
2521,17,-11,1,0,0
2522,21,7,1,0,0
2523,10,20,1,0,0
2524,-6,22,1,0,0
2525,-18,12,1,0,0
2526,-21,-3,1,0,0
2527,-15,-15,1,0,0
2528,-4,-20,1,0,0
2529,7,-19,1,0,0
2530,16,-12,1,0,0
2531,20,-4,1,0,0
2532,21,5,1,0,0
2533,18,12,1,0,0
2534,13,17,1,0,0
2535,8,20,1,0,0
2536,4,22,1,0,0
2537,0,22,1,0,0
2538,-4,22,1,0,0
2539,-5,21,1,0,0
2540,-5,19,1,0,0
2541,-5,15,1,0,0
2542,-4,12,1,0,0
2543,-2,8,1,0,0
2544,0,4,1,0,0
2545,0,2,1,0,0
2546,0,0,1,0,0
2547,0,2,1,0,0
2548,0,4,1,0,0
2549,-2,8,1,0,0
2550,-4,12,1,0,0
2551,-5,15,1,0,0
2552,-5,19,1,0,0
2553,-5,21,1,0,0
2554,-4,22,1,0,0
2555,0,22,1,0,0
2556,4,22,1,0,0
2557,8,20,1,0,0
2558,13,17,1,0,0
2559,18,12,1,0,0
2560,21,5,1,0,0
2561,20,-4,1,0,0
2562,16,-12,1,0,0
2563,7,-19,1,0,0
2564,-4,-20,1,0,0
2565,-15,-15,1,0,0
2566,-21,-3,1,0,0
2567,-18,12,1,0,0
2568,-6,22,1,0,0
2569,10,20,1,0,0
2570,21,7,1,0,0
2571,17,-11,1,0,0
2572,2,-20,1,0,0
2573,-16,-12,1,0,0
2574,-20,8,1,0,0
2575,-4,22,1,0,0
2576,16,14,1,0,0
2577,18,-8,1,0,0
2578,-1,-17,1,0,0
2579,-15,-3,1,0,0
2580,-6,10,1,0,0
2581,5,7,1,0,0
2582,3,-1,1,0,0
2583,0,0,1,0,0
2584,0,0,1,0,0
2585,1,-1,1,0,0
2586,2,-4,1,0,0
2587,-6,-6,1,0,0
2588,-9,5,1,0,0
2589,4,14,1,0,0
2590,18,0,1,0,0
2591,9,-19,1,0,0
2592,-13,-17,1,0,0
2593,-21,3,1,0,0
2594,-7,19,1,0,0
2595,13,15,1,0,0
2596,21,-3,1,0,0
2597,12,-18,1,0,0
2598,-6,-22,1,0,0
2599,-19,-11,1,0,0
2600,-21,5,1,0,0
2601,-11,17,1,0,0
2602,4,20,1,0,0
2603,15,15,1,0,0
2604,21,3,1,0,0
2605,20,-8,1,0,0
2606,13,-17,1,0,0
2607,5,-21,1,0,0
2608,-4,-22,1,0,0
2609,-11,-19,1,0,0
2610,-16,-14,1,0,0
2611,-19,-9,1,0,0
2612,-21,-5,1,0,0
2613,-21,-1,1,0,0
2614,-21,3,1,0,0
2615,-20,4,1,0,0
2616,-18,4,1,0,0
2617,-14,4,1,0,0
2618,-11,3,1,0,0
2619,-7,1,1,0,0
2620,-3,-1,1,0,0
2621,-1,-1,1,0,0
2622,0,0,1,0,0
2623,-1,-1,1,0,0
2624,-3,-1,1,0,0
2625,-7,1,1,0,0
2626,-11,3,1,0,0
2627,-14,4,1,0,0
2628,-18,4,1,0,0
2629,-20,4,1,0,0
2630,-21,3,1,0,0
2631,-21,-1,1,0,0
2632,-21,-5,1,0,0
2633,-19,-9,1,0,0
2634,-16,-14,1,0,0
2635,-11,-19,1,0,0
2636,-4,-22,1,0,0
2637,5,-21,1,0,0
2638,13,-17,1,0,0
2639,20,-8,1,0,0
2640,21,3,1,0,0
2641,15,15,1,0,0
2642,4,20,1,0,0
2643,-11,17,1,0,0
2644,-21,5,1,0,0
2645,-19,-11,1,0,0
2646,-6,-22,1,0,0
2647,12,-18,1,0,0
2648,21,-3,1,0,0
2649,13,15,1,0,0
2650,-7,19,1,0,0
2651,-21,3,1,0,0
2652,-13,-17,1,0,0
2653,9,-19,1,0,0
2654,18,0,1,0,0
2655,4,14,1,0,0
2656,-9,5,1,0,0
2657,-6,-6,1,0,0
2658,2,-4,1,0,0
2659,1,-1,1,0,0
2660,0,0,1,0,0
2661,0,0,1,0,0
2662,-3,1,1,0,0
2663,-5,-7,1,0,0
2664,6,-10,1,0,0
2665,15,3,1,0,0
2666,1,17,1,0,0
2667,-18,8,1,0,0
2668,-16,-14,1,0,0
2669,4,-22,1,0,0
2670,20,-8,1,0,0
2671,16,12,1,0,0
2672,-2,20,1,0,0
2673,-17,11,1,0,0
2674,-21,-7,1,0,0
2675,-10,-20,1,0,0
2676,6,-22,1,0,0
2677,18,-12,1,0,0
2678,21,3,1,0,0
2679,15,15,1,0,0
2680,4,20,1,0,0
2681,-7,19,1,0,0
2682,-16,12,1,0,0
2683,-20,4,1,0,0
2684,-21,-5,1,0,0
2685,-18,-12,1,0,0
2686,-13,-17,1,0,0
2687,-8,-20,1,0,0
2688,-4,-22,1,0,0
2689,0,-22,1,0,0
2690,4,-22,1,0,0
2691,5,-21,1,0,0
2692,5,-19,1,0,0
2693,5,-15,1,0,0
2694,4,-12,1,0,0
2695,2,-8,1,0,0
2696,0,-4,1,0,0
2697,0,-2,1,0,0
2698,0,0,1,0,0
2699,0,-2,1,0,0
2700,0,-4,1,0,0
2701,2,-8,1,0,0
2702,4,-12,1,0,0
2703,5,-15,1,0,0
2704,5,-19,1,0,0
2705,5,-21,1,0,0
2706,4,-22,1,0,0
2707,0,-22,1,0,0
2708,-4,-22,1,0,0
2709,-8,-20,1,0,0
2710,-13,-17,1,0,0
2711,-18,-12,1,0,0
2712,-21,-5,1,0,0
2713,-20,4,1,0,0
2714,-16,12,1,0,0
2715,-7,19,1,0,0
2716,4,20,1,0,0
2717,15,15,1,0,0
2718,21,3,1,0,0
2719,18,-12,1,0,0
2720,6,-22,1,0,0
2721,-10,-20,1,0,0
2722,-21,-7,1,0,0
2723,-17,11,1,0,0
2724,-2,20,1,0,0
2725,16,12,1,0,0
2726,20,-8,1,0,0
2727,4,-22,1,0,0
2728,-16,-14,1,0,0
2729,-18,8,1,0,0
2730,1,17,1,0,0
2731,15,3,1,0,0
2732,6,-10,1,0,0
2733,-5,-7,1,0,0
2734,-3,1,1,0,0
2735,0,0,1,0,0
2736,0,0,1,0,0
2737,-1,1,1,0,0
2738,-2,4,1,0,0
2739,6,6,1,0,0
2740,9,-5,1,0,0
2741,-4,-14,1,0,0
2742,-18,0,1,0,0
2743,-9,19,1,0,0
2744,13,17,1,0,0
2745,21,-3,1,0,0
2746,7,-19,1,0,0
2747,-13,-15,1,0,0
2748,-21,3,1,0,0
2749,-12,18,1,0,0
2750,6,22,1,0,0
2751,19,11,1,0,0
2752,21,-5,1,0,0
2753,11,-17,1,0,0
2754,-4,-20,1,0,0
2755,-15,-15,1,0,0
2756,-21,-3,1,0,0
2757,-20,8,1,0,0
2758,-13,17,1,0,0
2759,-5,21,1,0,0
2760,4,22,1,0,0
2761,11,19,1,0,0
2762,16,14,1,0,0
2763,19,9,1,0,0
2764,21,5,1,0,0
2765,21,1,1,0,0
2766,21,-3,1,0,0
2767,20,-4,1,0,0
2768,18,-4,1,0,0
2769,14,-4,1,0,0
2770,11,-3,1,0,0
2771,7,-1,1,0,0
2772,3,1,1,0,0
2773,1,1,1,0,0
2774,0,0,1,0,0
2775,1,1,1,0,0
2776,3,1,1,0,0
2777,7,-1,1,0,0
2778,11,-3,1,0,0
2779,14,-4,1,0,0
2780,18,-4,1,0,0
2781,20,-4,1,0,0
2782,21,-3,1,0,0
2783,21,1,1,0,0
2784,21,5,1,0,0
2785,19,9,1,0,0
2786,16,14,1,0,0
2787,11,19,1,0,0
2788,4,22,1,0,0
2789,-5,21,1,0,0
2790,-13,17,1,0,0
2791,-20,8,1,0,0
2792,-21,-3,1,0,0
2793,-15,-15,1,0,0
2794,-4,-20,1,0,0
2795,11,-17,1,0,0
2796,21,-5,1,0,0
2797,19,11,1,0,0
2798,6,22,1,0,0
2799,-12,18,1,0,0
2800,-21,3,1,0,0
2801,-13,-15,1,0,0
2802,7,-19,1,0,0
2803,21,-3,1,0,0
2804,13,17,1,0,0
2805,-9,19,1,0,0
2806,-18,0,1,0,0
2807,-4,-14,1,0,0
2808,9,-5,1,0,0
2809,6,6,1,0,0
2810,-2,4,1,0,0
2811,-1,1,1,0,0
2812,0,0,1,0,0
2813,0,0,1,0,0
2814,3,-1,1,0,0
2815,5,7,1,0,0
2816,-6,10,1,0,0
2817,-15,-3,1,0,0
2818,-1,-17,1,0,0
2819,18,-8,1,0,0
2820,16,14,1,0,0
2821,-4,22,1,0,0
2822,-20,8,1,0,0
2823,-16,-12,1,0,0
2824,2,-20,1,0,0
2825,17,-11,1,0,0
2826,21,7,1,0,0
2827,10,20,1,0,0
2828,-6,22,1,0,0
2829,-18,12,1,0,0
2830,-21,-3,1,0,0
2831,-15,-15,1,0,0
2832,-4,-20,1,0,0
2833,7,-19,1,0,0
2834,16,-12,1,0,0
2835,20,-4,1,0,0
2836,21,5,1,0,0
2837,18,12,1,0,0
2838,13,17,1,0,0
2839,8,20,1,0,0
2840,4,22,1,0,0
2841,0,22,1,0,0
2842,-4,22,1,0,0
2843,-5,21,1,0,0
2844,-5,19,1,0,0
2845,-5,15,1,0,0
2846,-4,12,1,0,0
2847,-2,8,1,0,0
2848,0,4,1,0,0
2849,0,2,1,0,0
2850,0,0,1,0,0
2851,0,2,1,0,0
2852,0,4,1,0,0
2853,-2,8,1,0,0
2854,-4,12,1,0,0
2855,-5,15,1,0,0
2856,-5,19,1,0,0
2857,-5,21,1,0,0
2858,-4,22,1,0,0
2859,0,22,1,0,0
2860,4,22,1,0,0
2861,8,20,1,0,0
2862,13,17,1,0,0
2863,18,12,1,0,0
2864,21,5,1,0,0
2865,20,-4,1,0,0
2866,16,-12,1,0,0
2867,7,-19,1,0,0
2868,-4,-20,1,0,0
2869,-15,-15,1,0,0
2870,-21,-3,1,0,0
2871,-18,12,1,0,0
2872,-6,22,1,0,0
2873,10,20,1,0,0
2874,21,7,1,0,0
2875,17,-11,1,0,0
2876,2,-20,1,0,0
2877,-16,-12,1,0,0
2878,-20,8,1,0,0
2879,-4,22,1,0,0
2880,16,14,1,0,0
2881,18,-8,1,0,0
2882,-1,-17,1,0,0
2883,-15,-3,1,0,0
2884,-6,10,1,0,0
2885,5,7,1,0,0
2886,3,-1,1,0,0
2887,0,0,1,0,0
2888,0,0,1,0,0
2889,1,-1,1,0,0
2890,2,-4,1,0,0
2891,-6,-6,1,0,0
2892,-9,5,1,0,0
2893,4,14,1,0,0
2894,18,0,1,0,0
2895,9,-19,1,0,0
2896,-13,-17,1,0,0
2897,-21,3,1,0,0
2898,-7,19,1,0,0
2899,13,15,1,0,0
2900,21,-3,1,0,0
2901,12,-18,1,0,0
2902,-6,-22,1,0,0
2903,-19,-11,1,0,0
2904,-21,5,1,0,0
2905,-11,17,1,0,0
2906,4,20,1,0,0
2907,15,15,1,0,0
2908,21,3,1,0,0
2909,20,-8,1,0,0
2910,13,-17,1,0,0
2911,5,-21,1,0,0
2912,-4,-22,1,0,0
2913,-11,-19,1,0,0
2914,-16,-14,1,0,0
2915,-19,-9,1,0,0
2916,-21,-5,1,0,0
2917,-21,-1,1,0,0
2918,-21,3,1,0,0
2919,-20,4,1,0,0
2920,-18,4,1,0,0
2921,-14,4,1,0,0
2922,-11,3,1,0,0
2923,-7,1,1,0,0
2924,-3,-1,1,0,0
2925,-1,-1,1,0,0
2926,0,0,1,0,0
2927,-1,-1,1,0,0
2928,-3,-1,1,0,0
2929,-7,1,1,0,0
2930,-11,3,1,0,0
2931,-14,4,1,0,0
2932,-18,4,1,0,0
2933,-20,4,1,0,0
2934,-21,3,1,0,0
2935,-21,-1,1,0,0
2936,-21,-5,1,0,0
2937,-19,-9,1,0,0
2938,-16,-14,1,0,0
2939,-11,-19,1,0,0
2940,-4,-22,1,0,0
2941,5,-21,1,0,0
2942,13,-17,1,0,0
2943,20,-8,1,0,0
2944,21,3,1,0,0
2945,15,15,1,0,0
2946,4,20,1,0,0
2947,-11,17,1,0,0
2948,-21,5,1,0,0
2949,-19,-11,1,0,0
2950,-6,-22,1,0,0
2951,12,-18,1,0,0
2952,21,-3,1,0,0
2953,13,15,1,0,0
2954,-7,19,1,0,0
2955,-21,3,1,0,0
2956,-13,-17,1,0,0
2957,9,-19,1,0,0
2958,18,0,1,0,0
2959,4,14,1,0,0
2960,-9,5,1,0,0
2961,-6,-6,1,0,0
2962,2,-4,1,0,0
2963,1,-1,1,0,0
2964,0,0,1,0,0
2965,0,0,1,0,0
2966,-3,1,1,0,0
2967,-5,-7,1,0,0
2968,6,-10,1,0,0
2969,15,3,1,0,0
2970,1,17,1,0,0
2971,-18,8,1,0,0
2972,-16,-14,1,0,0
2973,4,-22,1,0,0
2974,20,-8,1,0,0
2975,16,12,1,0,0
2976,-2,20,1,0,0
2977,-17,11,1,0,0
2978,-21,-7,1,0,0
2979,-10,-20,1,0,0
2980,6,-22,1,0,0
2981,18,-12,1,0,0
2982,21,3,1,0,0
2983,15,15,1,0,0
2984,4,20,1,0,0
2985,-7,19,1,0,0
2986,-16,12,1,0,0
2987,-20,4,1,0,0
2988,-21,-5,1,0,0
2989,-18,-12,1,0,0
2990,-13,-17,1,0,0
2991,-8,-20,1,0,0
2992,-4,-22,1,0,0
2993,0,-22,1,0,0
2994,4,-22,1,0,0
2995,5,-21,1,0,0
2996,5,-19,1,0,0
2997,5,-15,1,0,0
2998,4,-12,1,0,0
2999,2,-8,1,0,0
3000,0,-4,1,0,0
3001,0,-2,1,0,0
3002,0,0,1,0,0
3003,0,-2,1,0,0
3004,0,-4,1,0,0
3005,2,-8,1,0,0
3006,4,-12,1,0,0
3007,5,-15,1,0,0
3008,5,-19,1,0,0
3009,5,-21,1,0,0
3010,4,-22,1,0,0
3011,0,-22,1,0,0
3012,-4,-22,1,0,0
3013,-8,-20,1,0,0
3014,-13,-17,1,0,0
3015,-18,-12,1,0,0
3016,-21,-5,1,0,0
3017,-20,4,1,0,0
3018,-16,12,1,0,0
3019,-7,19,1,0,0
3020,4,20,1,0,0
3021,15,15,1,0,0
3022,21,3,1,0,0
3023,18,-12,1,0,0
3024,6,-22,1,0,0
3025,-10,-20,1,0,0
3026,-21,-7,1,0,0
3027,-17,11,1,0,0
3028,-2,20,1,0,0
3029,16,12,1,0,0
3030,20,-8,1,0,0
3031,4,-22,1,0,0
3032,-16,-14,1,0,0
3033,-18,8,1,0,0
3034,1,17,1,0,0
3035,15,3,1,0,0
3036,6,-10,1,0,0
3037,-5,-7,1,0,0
3038,-3,1,1,0,0
3039,0,0,1,0,0
3040,0,0,1,0,0
3041,1,-1,1,0,0
3042,2,-4,1,0,0
3043,-6,-6,1,0,0
3044,-9,5,1,0,0
3045,4,14,1,0,0
3046,18,0,1,0,0
3047,9,-19,1,0,0
3048,-13,-17,1,0,0
3049,-21,3,1,0,0
3050,-7,19,1,0,0
3051,13,15,1,0,0
3052,21,-3,1,0,0
3053,12,-18,1,0,0
3054,-6,-22,1,0,0
3055,-19,-11,1,0,0
3056,-21,5,1,0,0
3057,-11,17,1,0,0
3058,4,20,1,0,0
3059,15,15,1,0,0
3060,21,3,1,0,0
3061,20,-8,1,0,0
3062,13,-17,1,0,0
3063,5,-21,1,0,0
3064,-4,-22,1,0,0
3065,-11,-19,1,0,0
3066,-16,-14,1,0,0
3067,-19,-9,1,0,0
3068,-21,-5,1,0,0
3069,-21,-1,1,0,0
3070,-21,3,1,0,0
3071,-20,4,1,0,0
3072,-18,4,1,0,0
3073,-14,4,1,0,0
3074,-11,3,1,0,0
3075,-7,1,1,0,0
3076,-3,-1,1,0,0
3077,-1,-1,1,0,0
3078,0,0,1,0,0
3079,1,1,1,0,0
3080,3,1,1,0,0
3081,7,-1,1,0,0
3082,11,-3,1,0,0
3083,14,-4,1,0,0
3084,18,-4,1,0,0
3085,20,-4,1,0,0
3086,21,-3,1,0,0
3087,21,1,1,0,0
3088,21,5,1,0,0
3089,19,9,1,0,0
3090,16,14,1,0,0
3091,11,19,1,0,0
3092,4,22,1,0,0
3093,-5,21,1,0,0
3094,-13,17,1,0,0
3095,-20,8,1,0,0
3096,-21,-3,1,0,0
3097,-15,-15,1,0,0
3098,-4,-20,1,0,0
3099,11,-17,1,0,0
3100,21,-5,1,0,0
3101,19,11,1,0,0
3102,6,22,1,0,0
3103,-12,18,1,0,0
3104,-21,3,1,0,0
3105,-13,-15,1,0,0
3106,7,-19,1,0,0
3107,21,-3,1,0,0
3108,13,17,1,0,0
3109,-9,19,1,0,0
3110,-18,0,1,0,0
3111,-4,-14,1,0,0
3112,9,-5,1,0,0
3113,6,6,1,0,0
3114,-2,4,1,0,0
3115,-1,1,1,0,0
3116,0,0,1,0,0
3117,0,0,1,0,0
3118,3,-1,1,0,0
3119,5,7,1,0,0
3120,-6,10,1,0,0
3121,-15,-3,1,0,0
3122,-1,-17,1,0,0
3123,18,-8,1,0,0
3124,16,14,1,0,0
3125,-4,22,1,0,0
3126,-20,8,1,0,0
3127,-16,-12,1,0,0
3128,2,-20,1,0,0
3129,17,-11,1,0,0
3130,21,7,1,0,0
3131,10,20,1,0,0
3132,-6,22,1,0,0
3133,-18,12,1,0,0
3134,-21,-3,1,0,0
3135,-15,-15,1,0,0
3136,-4,-20,1,0,0
3137,7,-19,1,0,0
3138,16,-12,1,0,0
3139,20,-4,1,0,0
3140,21,5,1,0,0
3141,18,12,1,0,0
3142,13,17,1,0,0
3143,8,20,1,0,0
3144,4,22,1,0,0
3145,0,22,1,0,0
3146,-4,22,1,0,0
3147,-5,21,1,0,0
3148,-5,19,1,0,0
3149,-5,15,1,0,0
3150,-4,12,1,0,0
3151,-2,8,1,0,0
3152,0,4,1,0,0
3153,0,2,1,0,0
3154,0,0,1,0,0
3155,0,2,1,0,0
3156,0,4,1,0,0
3157,-2,8,1,0,0
3158,-4,12,1,0,0
3159,-5,15,1,0,0
3160,-5,19,1,0,0
3161,-5,21,1,0,0
3162,-4,22,1,0,0
3163,0,22,1,0,0
3164,4,22,1,0,0
3165,8,20,1,0,0
3166,13,17,1,0,0
3167,18,12,1,0,0
3168,21,5,1,0,0
3169,20,-4,1,0,0
3170,16,-12,1,0,0
3171,7,-19,1,0,0
3172,-4,-20,1,0,0
3173,-15,-15,1,0,0
3174,-21,-3,1,0,0
3175,-18,12,1,0,0
3176,-6,22,1,0,0
3177,10,20,1,0,0
3178,21,7,1,0,0
3179,17,-11,1,0,0
3180,2,-20,1,0,0
3181,-16,-12,1,0,0
3182,-20,8,1,0,0
3183,-4,22,1,0,0
3184,16,14,1,0,0
3185,18,-8,1,0,0
3186,-1,-17,1,0,0
3187,-15,-3,1,0,0
3188,-6,10,1,0,0
3189,5,7,1,0,0
3190,3,-1,1,0,0
3191,0,0,1,0,0
3192,0,0,1,0,0
3193,1,-1,1,0,0
3194,2,-4,1,0,0
3195,-6,-6,1,0,0
3196,-9,5,1,0,0
3197,4,14,1,0,0
3198,18,0,1,0,0
3199,9,-19,1,0,0
3200,-13,-17,1,0,0
3201,-21,3,1,0,0
3202,-7,19,1,0,0
3203,13,15,1,0,0
3204,21,-3,1,0,0
3205,12,-18,1,0,0
3206,-6,-22,1,0,0
3207,-19,-11,1,0,0
3208,-21,5,1,0,0
3209,-11,17,1,0,0
3210,4,20,1,0,0
3211,15,15,1,0,0
3212,21,3,1,0,0
3213,20,-8,1,0,0
3214,13,-17,1,0,0
3215,5,-21,1,0,0
3216,-4,-22,1,0,0
3217,-11,-19,1,0,0
3218,-16,-14,1,0,0
3219,-19,-9,1,0,0
3220,-21,-5,1,0,0
3221,-21,-1,1,0,0
3222,-21,3,1,0,0
3223,-20,4,1,0,0
3224,-18,4,1,0,0
3225,-14,4,1,0,0
3226,-11,3,1,0,0
3227,-7,1,1,0,0
3228,-3,-1,1,0,0
3229,-1,-1,1,0,0
3230,0,0,1,0,0
3231,-1,-1,1,0,0
3232,-3,-1,1,0,0
3233,-7,1,1,0,0
3234,-11,3,1,0,0
3235,-14,4,1,0,0
3236,-18,4,1,0,0
3237,-20,4,1,0,0
3238,-21,3,1,0,0
3239,-21,-1,1,0,0
3240,-21,-5,1,0,0
3241,-19,-9,1,0,0
3242,-16,-14,1,0,0
3243,-11,-19,1,0,0
3244,-4,-22,1,0,0
3245,5,-21,1,0,0
3246,13,-17,1,0,0
3247,20,-8,1,0,0
3248,21,3,1,0,0
3249,15,15,1,0,0
3250,4,20,1,0,0
3251,-11,17,1,0,0
3252,-21,5,1,0,0
3253,-19,-11,1,0,0
3254,-6,-22,1,0,0
3255,12,-18,1,0,0
3256,21,-3,1,0,0
3257,13,15,1,0,0
3258,-7,19,1,0,0
3259,-21,3,1,0,0
3260,-13,-17,1,0,0
3261,9,-19,1,0,0
3262,18,0,1,0,0
3263,4,14,1,0,0
3264,-9,5,1,0,0
3265,-6,-6,1,0,0
3266,2,-4,1,0,0
3267,1,-1,1,0,0
3268,0,0,1,0,0
3269,0,0,1,0,0
3270,3,-1,1,0,0
3271,5,7,1,0,0
3272,-6,10,1,0,0
3273,-15,-3,1,0,0
3274,-1,-17,1,0,0
3275,18,-8,1,0,0
3276,16,14,1,0,0
3277,-4,22,1,0,0
3278,-20,8,1,0,0
3279,-16,-12,1,0,0
3280,2,-20,1,0,0
3281,17,-11,1,0,0
3282,21,7,1,0,0
3283,10,20,1,0,0
3284,-6,22,1,0,0
3285,-18,12,1,0,0
3286,-21,-3,1,0,0
3287,-15,-15,1,0,0
3288,-4,-20,1,0,0
3289,7,-19,1,0,0
3290,16,-12,1,0,0
3291,20,-4,1,0,0
3292,21,5,1,0,0
3293,18,12,1,0,0
3294,13,17,1,0,0
3295,8,20,1,0,0
3296,4,22,1,0,0
3297,0,22,1,0,0
3298,-4,22,1,0,0
3299,-5,21,1,0,0
3300,-5,19,1,0,0
3301,-5,15,1,0,0
3302,-4,12,1,0,0
3303,-2,8,1,0,0
3304,0,4,1,0,0
3305,0,2,1,0,0
3306,0,0,1,0,0
3307,0,2,1,0,0
3308,0,4,1,0,0
3309,-2,8,1,0,0
3310,-4,12,1,0,0
3311,-5,15,1,0,0
3312,-5,19,1,0,0
3313,-5,21,1,0,0
3314,-4,22,1,0,0
3315,0,22,1,0,0
3316,4,22,1,0,0
3317,8,20,1,0,0
3318,13,17,1,0,0
3319,18,12,1,0,0
3320,21,5,1,0,0
3321,20,-4,1,0,0
3322,16,-12,1,0,0
3323,7,-19,1,0,0
3324,-4,-20,1,0,0
3325,-15,-15,1,0,0
3326,-21,-3,1,0,0
3327,-18,12,1,0,0
3328,-6,22,1,0,0
3329,10,20,1,0,0
3330,21,7,1,0,0
3331,17,-11,1,0,0
3332,2,-20,1,0,0
3333,-16,-12,1,0,0
3334,-20,8,1,0,0
3335,-4,22,1,0,0
3336,16,14,1,0,0
3337,18,-8,1,0,0
3338,-1,-17,1,0,0
3339,-15,-3,1,0,0
3340,-6,10,1,0,0
3341,5,7,1,0,0
3342,3,-1,1,0,0
3343,0,0,1,0,0
3344,0,0,1,0,0
3345,-1,1,1,0,0
3346,-2,4,1,0,0
3347,6,6,1,0,0
3348,9,-5,1,0,0
3349,-4,-14,1,0,0
3350,-18,0,1,0,0
3351,-9,19,1,0,0
3352,13,17,1,0,0
3353,21,-3,1,0,0
3354,7,-19,1,0,0
3355,-13,-15,1,0,0
3356,-21,3,1,0,0
3357,-12,18,1,0,0
3358,6,22,1,0,0
3359,19,11,1,0,0
3360,21,-5,1,0,0
3361,11,-17,1,0,0
3362,-4,-20,1,0,0
3363,-15,-15,1,0,0
3364,-21,-3,1,0,0
3365,-20,8,1,0,0
3366,-13,17,1,0,0
3367,-5,21,1,0,0
3368,4,22,1,0,0
3369,11,19,1,0,0
3370,16,14,1,0,0
3371,19,9,1,0,0
3372,21,5,1,0,0
3373,21,1,1,0,0
3374,21,-3,1,0,0
3375,20,-4,1,0,0
3376,18,-4,1,0,0
3377,14,-4,1,0,0
3378,11,-3,1,0,0
3379,7,-1,1,0,0
3380,3,1,1,0,0
3381,1,1,1,0,0
3382,0,0,1,0,0
3383,-1,-1,1,0,0
3384,-3,-1,1,0,0
3385,-7,1,1,0,0
3386,-11,3,1,0,0
3387,-14,4,1,0,0
3388,-18,4,1,0,0
3389,-20,4,1,0,0
3390,-21,3,1,0,0
3391,-21,-1,1,0,0
3392,-21,-5,1,0,0
3393,-19,-9,1,0,0
3394,-16,-14,1,0,0
3395,-11,-19,1,0,0
3396,-4,-22,1,0,0
3397,5,-21,1,0,0
3398,13,-17,1,0,0
3399,20,-8,1,0,0
3400,21,3,1,0,0
3401,15,15,1,0,0
3402,4,20,1,0,0
3403,-11,17,1,0,0
3404,-21,5,1,0,0
3405,-19,-11,1,0,0
3406,-6,-22,1,0,0
3407,12,-18,1,0,0
3408,21,-3,1,0,0
3409,13,15,1,0,0
3410,-7,19,1,0,0
3411,-21,3,1,0,0
3412,-13,-17,1,0,0
3413,9,-19,1,0,0
3414,18,0,1,0,0
3415,4,14,1,0,0
3416,-9,5,1,0,0
3417,-6,-6,1,0,0
3418,2,-4,1,0,0
3419,1,-1,1,0,0
3420,0,0,1,0,0
3421,0,0,1,0,0
3422,3,-1,1,0,0
3423,5,7,1,0,0
3424,-6,10,1,0,0
3425,-15,-3,1,0,0
3426,-1,-17,1,0,0
3427,18,-8,1,0,0
3428,16,14,1,0,0
3429,-4,22,1,0,0
3430,-20,8,1,0,0
3431,-16,-12,1,0,0
3432,2,-20,1,0,0
3433,17,-11,1,0,0
3434,21,7,1,0,0
3435,10,20,1,0,0
3436,-6,22,1,0,0
3437,-18,12,1,0,0
3438,-21,-3,1,0,0
3439,-15,-15,1,0,0
3440,-4,-20,1,0,0
3441,7,-19,1,0,0
3442,16,-12,1,0,0
3443,20,-4,1,0,0
3444,21,5,1,0,0
3445,18,12,1,0,0
3446,13,17,1,0,0
3447,8,20,1,0,0
3448,4,22,1,0,0
3449,0,22,1,0,0
3450,-4,22,1,0,0
3451,-5,21,1,0,0
3452,-5,19,1,0,0
3453,-5,15,1,0,0
3454,-4,12,1,0,0
3455,-2,8,1,0,0
3456,0,4,1,0,0
3457,0,2,1,0,0
3458,0,0,1,0,0
3459,0,-2,1,0,0
3460,0,-4,1,0,0
3461,2,-8,1,0,0
3462,4,-12,1,0,0
3463,5,-15,1,0,0
3464,5,-19,1,0,0
3465,5,-21,1,0,0
3466,4,-22,1,0,0
3467,0,-22,1,0,0
3468,-4,-22,1,0,0
3469,-8,-20,1,0,0
3470,-13,-17,1,0,0
3471,-18,-12,1,0,0
3472,-21,-5,1,0,0
3473,-20,4,1,0,0
3474,-16,12,1,0,0
3475,-7,19,1,0,0
3476,4,20,1,0,0
3477,15,15,1,0,0
3478,21,3,1,0,0
3479,18,-12,1,0,0
3480,6,-22,1,0,0
3481,-10,-20,1,0,0
3482,-21,-7,1,0,0
3483,-17,11,1,0,0
3484,-2,20,1,0,0
3485,16,12,1,0,0
3486,20,-8,1,0,0
3487,4,-22,1,0,0
3488,-16,-14,1,0,0
3489,-18,8,1,0,0
3490,1,17,1,0,0
3491,15,3,1,0,0
3492,6,-10,1,0,0
3493,-5,-7,1,0,0
3494,-3,1,1,0,0
3495,0,0,1,0,0
3496,0,0,1,0,0
3497,1,-1,1,0,0
3498,2,-4,1,0,0
3499,-6,-6,1,0,0
3500,-9,5,1,0,0
3501,4,14,1,0,0
3502,18,0,1,0,0
3503,9,-19,1,0,0
3504,-13,-17,1,0,0
3505,-21,3,1,0,0
3506,-7,19,1,0,0
3507,13,15,1,0,0
3508,21,-3,1,0,0
3509,12,-18,1,0,0
3510,-6,-22,1,0,0
3511,-19,-11,1,0,0
3512,-21,5,1,0,0
3513,-11,17,1,0,0
3514,4,20,1,0,0
3515,15,15,1,0,0
3516,21,3,1,0,0
3517,20,-8,1,0,0
3518,13,-17,1,0,0
3519,5,-21,1,0,0
3520,-4,-22,1,0,0
3521,-11,-19,1,0,0
3522,-16,-14,1,0,0
3523,-19,-9,1,0,0
3524,-21,-5,1,0,0
3525,-21,-1,1,0,0
3526,-21,3,1,0,0
3527,-20,4,1,0,0
3528,-18,4,1,0,0
3529,-14,4,1,0,0
3530,-11,3,1,0,0
3531,-7,1,1,0,0
3532,-3,-1,1,0,0
3533,-1,-1,1,0,0
3534,0,0,1,0,0
3535,1,1,1,0,0
3536,3,1,1,0,0
3537,7,-1,1,0,0
3538,11,-3,1,0,0
3539,14,-4,1,0,0
3540,18,-4,1,0,0
3541,20,-4,1,0,0
3542,21,-3,1,0,0
3543,21,1,1,0,0
3544,21,5,1,0,0
3545,19,9,1,0,0
3546,16,14,1,0,0
3547,11,19,1,0,0
3548,4,22,1,0,0
3549,-5,21,1,0,0
3550,-13,17,1,0,0
3551,-20,8,1,0,0
3552,-21,-3,1,0,0
3553,-15,-15,1,0,0
3554,-4,-20,1,0,0
3555,11,-17,1,0,0
3556,21,-5,1,0,0
3557,19,11,1,0,0
3558,6,22,1,0,0
3559,-12,18,1,0,0
3560,-21,3,1,0,0
3561,-13,-15,1,0,0
3562,7,-19,1,0,0
3563,21,-3,1,0,0
3564,13,17,1,0,0
3565,-9,19,1,0,0
3566,-18,0,1,0,0
3567,-4,-14,1,0,0
3568,9,-5,1,0,0
3569,6,6,1,0,0
3570,-2,4,1,0,0
3571,-1,1,1,0,0
3572,0,0,1,0,0
3573,0,0,1,0,0
3574,3,-1,1,0,0
3575,5,7,1,0,0
3576,-6,10,1,0,0
3577,-15,-3,1,0,0
3578,-1,-17,1,0,0
3579,18,-8,1,0,0
3580,16,14,1,0,0
3581,-4,22,1,0,0
3582,-20,8,1,0,0
3583,-16,-12,1,0,0
3584,2,-20,1,0,0
3585,17,-11,1,0,0
3586,21,7,1,0,0
3587,10,20,1,0,0
3588,-6,22,1,0,0
3589,-18,12,1,0,0
3590,-21,-3,1,0,0
3591,-15,-15,1,0,0
3592,-4,-20,1,0,0
3593,7,-19,1,0,0
3594,16,-12,1,0,0
3595,20,-4,1,0,0
3596,21,5,1,0,0
3597,18,12,1,0,0
3598,13,17,1,0,0
3599,8,20,1,0,0
3600,4,22,1,0,0
3601,0,22,1,0,0
3602,-4,22,1,0,0
3603,-5,21,1,0,0
3604,-5,19,1,0,0
3605,-5,15,1,0,0
3606,-4,12,1,0,0
3607,-2,8,1,0,0
3608,0,4,1,0,0
3609,0,2,1,0,0
3610,0,0,1,0,0
3611,0,-2,1,0,0
3612,0,-4,1,0,0
3613,2,-8,1,0,0
3614,4,-12,1,0,0
3615,5,-15,1,0,0
3616,5,-19,1,0,0
3617,5,-21,1,0,0
3618,4,-22,1,0,0
3619,0,-22,1,0,0
3620,-4,-22,1,0,0
3621,-8,-20,1,0,0
3622,-13,-17,1,0,0
3623,-18,-12,1,0,0
3624,-21,-5,1,0,0
3625,-20,4,1,0,0
3626,-16,12,1,0,0
3627,-7,19,1,0,0
3628,4,20,1,0,0
3629,15,15,1,0,0
3630,21,3,1,0,0
3631,18,-12,1,0,0
3632,6,-22,1,0,0
3633,-10,-20,1,0,0
3634,-21,-7,1,0,0
3635,-17,11,1,0,0
3636,-2,20,1,0,0
3637,16,12,1,0,0
3638,20,-8,1,0,0
3639,4,-22,1,0,0
3640,-16,-14,1,0,0
3641,-18,8,1,0,0
3642,1,17,1,0,0
3643,15,3,1,0,0
3644,6,-10,1,0,0
3645,-5,-7,1,0,0
3646,-3,1,1,0,0
3647,0,0,1,0,0
done_after_cycles=2000000
captured_samples=3648
overflow_seen=0
RESULT=FAIL_TIMEOUT
