0
1
4
6
-5
-14
0
19
17
-3
-19
-15
3
18
22
11
-5
-17
-20
-15
-3
8
17
21
22
19
14
9
5
1
-3
-4
-4
-4
-3
-1
1
1
0
1
1
-1
-3
-4
-4
-4
-3
1
5
9
14
19
22
21
17
8
-3
-15
-20
-17
-5
11
22
18
3
-15
-19
-3
17
19
0
-14
-5
6
4
1
0
0
-1
7
10
-3
-17
-8
14
22
8
-12
-20
-11
7
20
22
12
-3
-15
-20
-19
-12
-4
5
12
17
20
22
22
22
21
19
15
12
8
4
2
0
2
4
8
12
15
19
21
22
22
22
20
17
12
5
-4
-12
-19
-20
-15
-3
12
22
20
7
-11
-20
-12
8
22
14
-8
-17
-3
10
7
-1
0
0
-1
-4
-6
5
14
0
-19
-17
3
19
15
-3
-18
-22
-11
5
17
20
15
3
-8
-17
-21
-22
-19
-14
-9
-5
-1
3
4
4
4
3
1
-1
-1
0
-1
-1
1
3
4
4
4
3
-1
-5
-9
-14
-19
-22
-21
-17
-8
3
15
20
17
5
-11
-22
-18
-3
15
19
3
-17
-19
0
14
5
-6
-4
-1
0
0
1
-7
-10
3
17
8
-14
-22
-8
12
20
11
-7
-20
-22
-12
3
15
20
19
12
4
-5
-12
-17
-20
-22
-22
-22
-21
-19
-15
-12
-8
-4
-2
0
-2
-4
-8
-12
-15
-19
-21
-22
-22
-22
-20
-17
-12
-5
4
12
19
20
15
3
-12
-22
-20
-7
11
20
12
-8
-22
-14
8
17
3
-10
-7
1
0
0
1
4
6
-5
-14
0
19
17
-3
-19
-15
3
18
22
11
-5
-17
-20
-15
-3
8
17
21
22
19
14
9
5
1
-3
-4
-4
-4
-3
-1
1
1
0
1
1
-1
-3
-4
-4
-4
-3
1
5
9
14
19
22
21
17
8
-3
-15
-20
-17
-5
11
22
18
3
-15
-19
-3
17
19
0
-14
-5
6
4
1
0
0
-1
7
10
-3
-17
-8
14
22
8
-12
-20
-11
7
20
22
12
-3
-15
-20
-19
-12
-4
5
12
17
20
22
22
22
21
19
15
12
8
4
2
0
2
4
8
12
15
19
21
22
22
22
20
17
12
5
-4
-12
-19
-20
-15
-3
12
22
20
7
-11
-20
-12
8
22
14
-8
-17
-3
10
7
-1
0
0
-1
-4
-6
5
14
0
-19
-17
3
19
15
-3
-18
-22
-11
5
17
20
15
3
-8
-17
-21
-22
-19
-14
-9
-5
-1
3
4
4
4
3
1
-1
-1
0
-1
-1
1
3
4
4
4
3
-1
-5
-9
-14
-19
-22
-21
-17
-8
3
15
20
17
5
-11
-22
-18
-3
15
19
3
-17
-19
0
14
5
-6
-4
-1
0
0
1
-7
-10
3
17
8
-14
-22
-8
12
20
11
-7
-20
-22
-12
3
15
20
19
12
4
-5
-12
-17
-20
-22
-22
-22
-21
-19
-15
-12
-8
-4
-2
0
-2
-4
-8
-12
-15
-19
-21
-22
-22
-22
-20
-17
-12
-5
4
12
19
20
15
3
-12
-22
-20
-7
11
20
12
-8
-22
-14
8
17
3
-10
-7
1
0
0
1
4
6
-5
-14
0
19
17
-3
-19
-15
3
18
22
11
-5
-17
-20
-15
-3
8
17
21
22
19
14
9
5
1
-3
-4
-4
-4
-3
-1
1
1
0
1
1
-1
-3
-4
-4
-4
-3
1
5
9
14
19
22
21
17
8
-3
-15
-20
-17
-5
11
22
18
3
-15
-19
-3
17
19
0
-14
-5
6
4
1
0
0
-1
7
10
-3
-17
-8
14
22
8
-12
-20
-11
7
20
22
12
-3
-15
-20
-19
-12
-4
5
12
17
20
22
22
22
21
19
15
12
8
4
2
0
2
4
8
12
15
19
21
22
22
22
20
17
12
5
-4
-12
-19
-20
-15
-3
12
22
20
7
-11
-20
-12
8
22
14
-8
-17
-3
10
7
-1
0
0
-1
-4
-6
5
14
0
-19
-17
3
19
15
-3
-18
-22
-11
5
17
20
15
3
-8
-17
-21
-22
-19
-14
-9
-5
-1
3
4
4
4
3
1
-1
-1
0
-1
-1
1
3
4
4
4
3
-1
-5
-9
-14
-19
-22
-21
-17
-8
3
15
20
17
5
-11
-22
-18
-3
15
19
3
-17
-19
0
14
5
-6
-4
-1
0
0
1
-7
-10
3
17
8
-14
-22
-8
12
20
11
-7
-20
-22
-12
3
15
20
19
12
4
-5
-12
-17
-20
-22
-22
-22
-21
-19
-15
-12
-8
-4
-2
0
-2
-4
-8
-12
-15
-19
-21
-22
-22
-22
-20
-17
-12
-5
4
12
19
20
15
3
-12
-22
-20
-7
11
20
12
-8
-22
-14
8
17
3
-10
-7
1
0
0
1
4
6
-5
-14
0
19
17
-3
-19
-15
3
18
22
11
-5
-17
-20
-15
-3
8
17
21
22
19
14
9
5
1
-3
-4
-4
-4
-3
-1
1
1
0
1
1
-1
-3
-4
-4
-4
-3
1
5
9
14
19
22
21
17
8
-3
-15
-20
-17
-5
11
22
18
3
-15
-19
-3
17
19
0
-14
-5
6
4
1
0
0
-1
7
10
-3
-17
-8
14
22
8
-12
-20
-11
7
20
22
12
-3
-15
-20
-19
-12
-4
5
12
17
20
22
22
22
21
19
15
12
8
4
2
0
2
4
8
12
15
19
21
22
22
22
20
17
12
5
-4
-12
-19
-20
-15
-3
12
22
20
7
-11
-20
-12
8
22
14
-8
-17
-3
10
7
-1
0
0
-1
-4
-6
5
14
0
-19
-17
3
19
15
-3
-18
-22
-11
5
17
20
15
3
-8
-17
-21
-22
-19
-14
-9
-5
-1
3
4
4
4
3
1
-1
-1
0
-1
-1
1
3
4
4
4
3
-1
-5
-9
-14
-19
-22
-21
-17
-8
3
15
20
17
5
-11
-22
-18
-3
15
19
3
-17
-19
0
14
5
-6
-4
-1
0
0
1
-7
-10
3
17
8
-14
-22
-8
12
20
11
-7
-20
-22
-12
3
15
20
19
12
4
-5
-12
-17
-20
-22
-22
-22
-21
-19
-15
-12
-8
-4
-2
0
-2
-4
-8
-12
-15
-19
-21
-22
-22
-22
-20
-17
-12
-5
4
12
19
20
15
3
-12
-22
-20
-7
11
20
12
-8
-22
-14
8
17
3
-10
-7
1
0
0
-1
-4
-6
5
14
0
-19
-17
3
19
15
-3
-18
-22
-11
5
17
20
15
3
-8
-17
-21
-22
-19
-14
-9
-5
-1
3
4
4
4
3
1
-1
-1
0
1
1
-1
-3
-4
-4
-4
-3
1
5
9
14
19
22
21
17
8
-3
-15
-20
-17
-5
11
22
18
3
-15
-19
-3
17
19
0
-14
-5
6
4
1
0
0
-1
7
10
-3
-17
-8
14
22
8
-12
-20
-11
7
20
22
12
-3
-15
-20
-19
-12
-4
5
12
17
20
22
22
22
21
19
15
12
8
4
2
0
2
4
8
12
15
19
21
22
22
22
20
17
12
5
-4
-12
-19
-20
-15
-3
12
22
20
7
-11
-20
-12
8
22
14
-8
-17
-3
10
7
-1
0
0
-1
-4
-6
5
14
0
-19
-17
3
19
15
-3
-18
-22
-11
5
17
20
15
3
-8
-17
-21
-22
-19
-14
-9
-5
-1
3
4
4
4
3
1
-1
-1
0
-1
-1
1
3
4
4
4
3
-1
-5
-9
-14
-19
-22
-21
-17
-8
3
15
20
17
5
-11
-22
-18
-3
15
19
3
-17
-19
0
14
5
-6
-4
-1
0
0
-1
7
10
-3
-17
-8
14
22
8
-12
-20
-11
7
20
22
12
-3
-15
-20
-19
-12
-4
5
12
17
20
22
22
22
21
19
15
12
8
4
2
0
2
4
8
12
15
19
21
22
22
22
20
17
12
5
-4
-12
-19
-20
-15
-3
12
22
20
7
-11
-20
-12
8
22
14
-8
-17
-3
10
7
-1
0
0
1
4
6
-5
-14
0
19
17
-3
-19
-15
3
18
22
11
-5
-17
-20
-15
-3
8
17
21
22
19
14
9
5
1
-3
-4
-4
-4
-3
-1
1
1
0
-1
-1
1
3
4
4
4
3
-1
-5
-9
-14
-19
-22
-21
-17
-8
3
15
20
17
5
-11
-22
-18
-3
15
19
3
-17
-19
0
14
5
-6
-4
-1
0
0
-1
7
10
-3
-17
-8
14
22
8
-12
-20
-11
7
20
22
12
-3
-15
-20
-19
-12
-4
5
12
17
20
22
22
22
21
19
15
12
8
4
2
0
-2
-4
-8
-12
-15
-19
-21
-22
-22
-22
-20
-17
-12
-5
4
12
19
20
15
3
-12
-22
-20
-7
11
20
12
-8
-22
-14
8
17
3
-10
-7
1
0
0
-1
-4
-6
5
14
0
-19
-17
3
19
15
-3
-18
-22
-11
5
17
20
15
3
-8
-17
-21
-22
-19
-14
-9
-5
-1
3
4
4
4
3
1
-1
-1
0
1
1
-1
-3
-4
-4
-4
-3
1
5
9
14
19
22
21
17
8
-3
-15
-20
-17
-5
11
22
18
3
-15
-19
-3
17
19
0
-14
-5
6
4
1
0
0
-1
7
10
-3
-17
-8
14
22
8
-12
-20
-11
7
20
22
12
-3
-15
-20
-19
-12
-4
5
12
17
20
22
22
22
21
19
15
12
8
4
2
0
-2
-4
-8
-12
-15
-19
-21
-22
-22
-22
-20
-17
-12
-5
4
12
19
20
15
3
-12
-22
-20
-7
11
20
12
-8
-22
-14
8
17
3
-10
-7
1
0
0
-1
-2
6
9
-4
-18
-9
13
21
7
-13
-21
-12
6
19
21
11
-4
-15
-21
-20
-13
-5
4
11
16
19
21
21
21
20
18
14
11
7
3
1
0
-1
-3
-7
-11
-14
-18
-20
-21
-21
-21
-19
-16
-11
-4
5
13
20
21
15
4
-11
-21
-19
-6
12
21
13
-7
-21
-13
9
18
4
-9
-6
2
1
0
0
1
-7
-10
3
17
8
-14
-22
-8
12
20
11
-7
-20
-22
-12
3
15
20
19
12
4
-5
-12
-17
-20
-22
-22
-22
-21
-19
-15
-12
-8
-4
-2
0
2
4
8
12
15
19
21
22
22
22
20
17
12
5
-4
-12
-19
-20
-15
-3
12
22
20
7
-11
-20
-12
8
22
14
-8
-17
-3
10
7
-1
0
0
-1
-2
6
9
-4
-18
-9
13
21
7
-13
-21
-12
6
19
21
11
-4
-15
-21
-20
-13
-5
4
11
16
19
21
21
21
20
18
14
11
7
3
1
0
-1
-3
-7
-11
-14
-18
-20
-21
-21
-21
-19
-16
-11
-4
5
13
20
21
15
4
-11
-21
-19
-6
12
21
13
-7
-21
-13
9
18
4
-9
-6
2
1
0
0
-1
7
10
-3
-17
-8
14
22
8
-12
-20
-11
7
20
22
12
-3
-15
-20
-19
-12
-4
5
12
17
20
22
22
22
21
19
15
12
8
4
2
0
2
4
8
12
15
19
21
22
22
22
20
17
12
5
-4
-12
-19
-20
-15
-3
12
22
20
7
-11
-20
-12
8
22
14
-8
-17
-3
10
7
-1
0
