rate=1Mbps 
payload_length=0 
chirp_index=0 
output_width=6 
sample_index,tx_real_signed,tx_imag_signed,tx_valid,tx_done,fifo_overflow
0,0,0,1,0,0
MISMATCH idx=1 rtl=(-1,1) exp=(1,-1) negated=1
1,-1,1,1,0,0
MISMATCH idx=2 rtl=(-2,4) exp=(2,-4) negated=1
2,-2,4,1,0,0
MISMATCH idx=3 rtl=(6,6) exp=(-6,-6) negated=1
3,6,6,1,0,0
MISMATCH idx=4 rtl=(9,-5) exp=(-9,5) negated=1
4,9,-5,1,0,0
MISMATCH idx=5 rtl=(-4,-14) exp=(4,14) negated=1
5,-4,-14,1,0,0
MISMATCH idx=6 rtl=(-18,0) exp=(18,0) negated=1
6,-18,0,1,0,0
MISMATCH idx=7 rtl=(-9,19) exp=(9,-19) negated=1
7,-9,19,1,0,0
MISMATCH idx=8 rtl=(13,17) exp=(-13,-17) negated=1
8,13,17,1,0,0
MISMATCH idx=9 rtl=(21,-3) exp=(-21,3) negated=1
9,21,-3,1,0,0
MISMATCH idx=10 rtl=(7,-19) exp=(-7,19) negated=1
10,7,-19,1,0,0
MISMATCH idx=11 rtl=(-13,-15) exp=(13,15) negated=1
11,-13,-15,1,0,0
MISMATCH idx=12 rtl=(-21,3) exp=(21,-3) negated=1
12,-21,3,1,0,0
MISMATCH idx=13 rtl=(-12,18) exp=(12,-18) negated=1
13,-12,18,1,0,0
MISMATCH idx=14 rtl=(6,22) exp=(-6,-22) negated=1
14,6,22,1,0,0
MISMATCH idx=15 rtl=(19,11) exp=(-19,-11) negated=1
15,19,11,1,0,0
MISMATCH idx=16 rtl=(21,-5) exp=(-21,5) negated=1
16,21,-5,1,0,0
MISMATCH idx=17 rtl=(11,-17) exp=(-11,17) negated=1
17,11,-17,1,0,0
MISMATCH idx=18 rtl=(-4,-20) exp=(4,20) negated=1
18,-4,-20,1,0,0
MISMATCH idx=19 rtl=(-15,-15) exp=(15,15) negated=1
19,-15,-15,1,0,0
MISMATCH idx=20 rtl=(-21,-3) exp=(21,3) negated=1
20,-21,-3,1,0,0
21,-20,8,1,0,0
22,-13,17,1,0,0
23,-5,21,1,0,0
24,4,22,1,0,0
25,11,19,1,0,0
26,16,14,1,0,0
27,19,9,1,0,0
28,21,5,1,0,0
29,21,1,1,0,0
30,21,-3,1,0,0
31,20,-4,1,0,0
32,18,-4,1,0,0
33,14,-4,1,0,0
34,11,-3,1,0,0
35,7,-1,1,0,0
36,3,1,1,0,0
37,1,1,1,0,0
38,0,0,1,0,0
39,1,1,1,0,0
40,3,1,1,0,0
41,7,-1,1,0,0
42,11,-3,1,0,0
43,14,-4,1,0,0
44,18,-4,1,0,0
45,20,-4,1,0,0
46,21,-3,1,0,0
47,21,1,1,0,0
48,21,5,1,0,0
49,19,9,1,0,0
50,16,14,1,0,0
51,11,19,1,0,0
52,4,22,1,0,0
53,-5,21,1,0,0
54,-13,17,1,0,0
55,-20,8,1,0,0
56,-21,-3,1,0,0
57,-15,-15,1,0,0
58,-4,-20,1,0,0
59,11,-17,1,0,0
60,21,-5,1,0,0
61,19,11,1,0,0
62,6,22,1,0,0
63,-12,18,1,0,0
64,-21,3,1,0,0
65,-13,-15,1,0,0
66,7,-19,1,0,0
67,21,-3,1,0,0
68,13,17,1,0,0
69,-9,19,1,0,0
70,-18,0,1,0,0
71,-4,-14,1,0,0
72,9,-5,1,0,0
73,6,6,1,0,0
74,-2,4,1,0,0
75,-1,1,1,0,0
76,0,0,1,0,0
77,0,0,1,0,0
78,3,-1,1,0,0
79,5,7,1,0,0
80,-6,10,1,0,0
81,-15,-3,1,0,0
82,-1,-17,1,0,0
83,18,-8,1,0,0
84,16,14,1,0,0
85,-4,22,1,0,0
86,-20,8,1,0,0
87,-16,-12,1,0,0
88,2,-20,1,0,0
89,17,-11,1,0,0
90,21,7,1,0,0
91,10,20,1,0,0
92,-6,22,1,0,0
93,-18,12,1,0,0
94,-21,-3,1,0,0
95,-15,-15,1,0,0
96,-4,-20,1,0,0
97,7,-19,1,0,0
98,16,-12,1,0,0
99,20,-4,1,0,0
100,21,5,1,0,0
101,18,12,1,0,0
102,13,17,1,0,0
103,8,20,1,0,0
104,4,22,1,0,0
105,0,22,1,0,0
106,-4,22,1,0,0
107,-5,21,1,0,0
108,-5,19,1,0,0
109,-5,15,1,0,0
110,-4,12,1,0,0
111,-2,8,1,0,0
112,0,4,1,0,0
113,0,2,1,0,0
114,0,0,1,0,0
115,0,2,1,0,0
116,0,4,1,0,0
117,-2,8,1,0,0
118,-4,12,1,0,0
119,-5,15,1,0,0
120,-5,19,1,0,0
121,-5,21,1,0,0
122,-4,22,1,0,0
123,0,22,1,0,0
124,4,22,1,0,0
125,8,20,1,0,0
126,13,17,1,0,0
127,18,12,1,0,0
128,21,5,1,0,0
129,20,-4,1,0,0
130,16,-12,1,0,0
131,7,-19,1,0,0
132,-4,-20,1,0,0
133,-15,-15,1,0,0
134,-21,-3,1,0,0
135,-18,12,1,0,0
136,-6,22,1,0,0
137,10,20,1,0,0
138,21,7,1,0,0
139,17,-11,1,0,0
140,2,-20,1,0,0
141,-16,-12,1,0,0
142,-20,8,1,0,0
143,-4,22,1,0,0
144,16,14,1,0,0
145,18,-8,1,0,0
146,-1,-17,1,0,0
147,-15,-3,1,0,0
148,-6,10,1,0,0
149,5,7,1,0,0
150,3,-1,1,0,0
151,0,0,1,0,0
152,0,0,1,0,0
153,0,0,1,0,0
154,0,0,1,0,0
155,0,0,1,0,0
156,0,0,1,0,0
157,0,0,1,0,0
158,0,0,1,0,0
159,0,0,1,0,0
160,0,0,1,0,0
161,0,0,1,0,0
162,0,0,1,0,0
163,1,-1,1,0,0
164,2,-4,1,0,0
165,-6,-6,1,0,0
166,-9,5,1,0,0
167,4,14,1,0,0
168,18,0,1,0,0
169,9,-19,1,0,0
170,-13,-17,1,0,0
171,-21,3,1,0,0
172,-7,19,1,0,0
173,13,15,1,0,0
174,21,-3,1,0,0
175,12,-18,1,0,0
176,-6,-22,1,0,0
177,-19,-11,1,0,0
178,-21,5,1,0,0
179,-11,17,1,0,0
180,4,20,1,0,0
181,15,15,1,0,0
182,21,3,1,0,0
183,20,-8,1,0,0
184,13,-17,1,0,0
185,5,-21,1,0,0
186,-4,-22,1,0,0
187,-11,-19,1,0,0
188,-16,-14,1,0,0
189,-19,-9,1,0,0
190,-21,-5,1,0,0
191,-21,-1,1,0,0
192,-21,3,1,0,0
193,-20,4,1,0,0
194,-18,4,1,0,0
195,-14,4,1,0,0
196,-11,3,1,0,0
197,-7,1,1,0,0
198,-3,-1,1,0,0
199,-1,-1,1,0,0
200,0,0,1,0,0
201,-1,-1,1,0,0
202,-3,-1,1,0,0
203,-7,1,1,0,0
204,-11,3,1,0,0
205,-14,4,1,0,0
206,-18,4,1,0,0
207,-20,4,1,0,0
208,-21,3,1,0,0
209,-21,-1,1,0,0
210,-21,-5,1,0,0
211,-19,-9,1,0,0
212,-16,-14,1,0,0
213,-11,-19,1,0,0
214,-4,-22,1,0,0
215,5,-21,1,0,0
216,13,-17,1,0,0
217,20,-8,1,0,0
218,21,3,1,0,0
219,15,15,1,0,0
220,4,20,1,0,0
221,-11,17,1,0,0
222,-21,5,1,0,0
223,-19,-11,1,0,0
224,-6,-22,1,0,0
225,12,-18,1,0,0
226,21,-3,1,0,0
227,13,15,1,0,0
228,-7,19,1,0,0
229,-21,3,1,0,0
230,-13,-17,1,0,0
231,9,-19,1,0,0
232,18,0,1,0,0
233,4,14,1,0,0
234,-9,5,1,0,0
235,-6,-6,1,0,0
236,2,-4,1,0,0
237,1,-1,1,0,0
238,0,0,1,0,0
239,0,0,1,0,0
240,-3,1,1,0,0
241,-5,-7,1,0,0
242,6,-10,1,0,0
243,15,3,1,0,0
244,1,17,1,0,0
245,-18,8,1,0,0
246,-16,-14,1,0,0
247,4,-22,1,0,0
248,20,-8,1,0,0
249,16,12,1,0,0
250,-2,20,1,0,0
251,-17,11,1,0,0
252,-21,-7,1,0,0
253,-10,-20,1,0,0
254,6,-22,1,0,0
255,18,-12,1,0,0
256,21,3,1,0,0
257,15,15,1,0,0
258,4,20,1,0,0
259,-7,19,1,0,0
260,-16,12,1,0,0
261,-20,4,1,0,0
262,-21,-5,1,0,0
263,-18,-12,1,0,0
264,-13,-17,1,0,0
265,-8,-20,1,0,0
266,-4,-22,1,0,0
267,0,-22,1,0,0
268,4,-22,1,0,0
269,5,-21,1,0,0
270,5,-19,1,0,0
271,5,-15,1,0,0
272,4,-12,1,0,0
273,2,-8,1,0,0
274,0,-4,1,0,0
275,0,-2,1,0,0
276,0,0,1,0,0
277,0,-2,1,0,0
278,0,-4,1,0,0
279,2,-8,1,0,0
280,4,-12,1,0,0
281,5,-15,1,0,0
282,5,-19,1,0,0
283,5,-21,1,0,0
284,4,-22,1,0,0
285,0,-22,1,0,0
286,-4,-22,1,0,0
287,-8,-20,1,0,0
288,-13,-17,1,0,0
289,-18,-12,1,0,0
290,-21,-5,1,0,0
291,-20,4,1,0,0
292,-16,12,1,0,0
293,-7,19,1,0,0
294,4,20,1,0,0
295,15,15,1,0,0
296,21,3,1,0,0
297,18,-12,1,0,0
298,6,-22,1,0,0
299,-10,-20,1,0,0
300,-21,-7,1,0,0
301,-17,11,1,0,0
302,-2,20,1,0,0
303,16,12,1,0,0
304,20,-8,1,0,0
305,4,-22,1,0,0
306,-16,-14,1,0,0
307,-18,8,1,0,0
308,1,17,1,0,0
309,15,3,1,0,0
310,6,-10,1,0,0
311,-5,-7,1,0,0
312,-3,1,1,0,0
313,0,0,1,0,0
314,0,0,1,0,0
315,0,0,1,0,0
316,0,0,1,0,0
317,0,0,1,0,0
318,0,0,1,0,0
319,0,0,1,0,0
320,0,0,1,0,0
321,0,0,1,0,0
322,0,0,1,0,0
323,0,0,1,0,0
324,0,0,1,0,0
325,0,0,1,0,0
326,0,0,1,0,0
327,0,0,1,0,0
328,0,0,1,0,0
329,0,0,1,0,0
330,0,0,1,0,0
331,0,0,1,0,0
332,0,0,1,0,0
333,0,0,1,0,0
334,0,0,1,0,0
335,0,0,1,0,0
336,0,0,1,0,0
337,0,0,1,0,0
338,0,0,1,0,0
339,0,0,1,0,0
340,0,0,1,0,0
341,0,0,1,0,0
342,0,0,1,0,0
343,0,0,1,0,0
344,0,0,1,0,0
345,0,0,1,0,0
346,0,0,1,0,0
347,0,0,1,0,0
348,0,0,1,0,0
349,0,0,1,0,0
350,0,0,1,0,0
351,0,0,1,0,0
352,0,0,1,0,0
353,0,0,1,0,0
354,0,0,1,0,0
355,0,0,1,0,0
356,0,0,1,0,0
357,0,0,1,0,0
358,0,0,1,0,0
359,0,0,1,0,0
360,0,0,1,0,0
361,0,0,1,0,0
362,0,0,1,0,0
363,0,0,1,0,0
364,0,0,1,0,0
365,0,0,1,0,0
366,0,0,1,0,0
367,0,0,1,0,0
368,0,0,1,0,0
369,0,0,1,0,0
370,0,0,1,0,0
371,0,0,1,0,0
372,0,0,1,0,0
373,0,0,1,0,0
374,0,0,1,0,0
375,0,0,1,0,0
376,0,0,1,0,0
377,0,0,1,0,0
378,0,0,1,0,0
379,0,0,1,0,0
380,0,0,1,0,0
381,0,0,1,0,0
382,0,0,1,0,0
383,0,0,1,0,0
384,0,0,1,0,0
385,-1,1,1,0,0
386,-2,4,1,0,0
387,6,6,1,0,0
388,9,-5,1,0,0
389,-4,-14,1,0,0
390,-18,0,1,0,0
391,-9,19,1,0,0
392,13,17,1,0,0
393,21,-3,1,0,0
394,7,-19,1,0,0
395,-13,-15,1,0,0
396,-21,3,1,0,0
397,-12,18,1,0,0
398,6,22,1,0,0
399,19,11,1,0,0
400,21,-5,1,0,0
401,11,-17,1,0,0
402,-4,-20,1,0,0
403,-15,-15,1,0,0
404,-21,-3,1,0,0
405,-20,8,1,0,0
406,-13,17,1,0,0
407,-5,21,1,0,0
408,4,22,1,0,0
409,11,19,1,0,0
410,16,14,1,0,0
411,19,9,1,0,0
412,21,5,1,0,0
413,21,1,1,0,0
414,21,-3,1,0,0
415,20,-4,1,0,0
416,18,-4,1,0,0
417,14,-4,1,0,0
418,11,-3,1,0,0
419,7,-1,1,0,0
420,3,1,1,0,0
421,1,1,1,0,0
422,0,0,1,0,0
423,1,1,1,0,0
424,3,1,1,0,0
425,7,-1,1,0,0
426,11,-3,1,0,0
427,14,-4,1,0,0
428,18,-4,1,0,0
429,20,-4,1,0,0
430,21,-3,1,0,0
431,21,1,1,0,0
432,21,5,1,0,0
433,19,9,1,0,0
434,16,14,1,0,0
435,11,19,1,0,0
436,4,22,1,0,0
437,-5,21,1,0,0
438,-13,17,1,0,0
439,-20,8,1,0,0
440,-21,-3,1,0,0
441,-15,-15,1,0,0
442,-4,-20,1,0,0
443,11,-17,1,0,0
444,21,-5,1,0,0
445,19,11,1,0,0
446,6,22,1,0,0
447,-12,18,1,0,0
448,-21,3,1,0,0
449,-13,-15,1,0,0
450,7,-19,1,0,0
451,21,-3,1,0,0
452,13,17,1,0,0
453,-9,19,1,0,0
454,-18,0,1,0,0
455,-4,-14,1,0,0
456,9,-5,1,0,0
457,6,6,1,0,0
458,-2,4,1,0,0
459,-1,1,1,0,0
460,0,0,1,0,0
461,0,0,1,0,0
462,3,-1,1,0,0
463,5,7,1,0,0
464,-6,10,1,0,0
465,-15,-3,1,0,0
466,-1,-17,1,0,0
467,18,-8,1,0,0
468,16,14,1,0,0
469,-4,22,1,0,0
470,-20,8,1,0,0
471,-16,-12,1,0,0
472,2,-20,1,0,0
473,17,-11,1,0,0
474,21,7,1,0,0
475,10,20,1,0,0
476,-6,22,1,0,0
477,-18,12,1,0,0
478,-21,-3,1,0,0
479,-15,-15,1,0,0
480,-4,-20,1,0,0
481,7,-19,1,0,0
482,16,-12,1,0,0
483,20,-4,1,0,0
484,21,5,1,0,0
485,18,12,1,0,0
486,13,17,1,0,0
487,8,20,1,0,0
488,4,22,1,0,0
489,0,22,1,0,0
490,-4,22,1,0,0
491,-5,21,1,0,0
492,-5,19,1,0,0
493,-5,15,1,0,0
494,-4,12,1,0,0
495,-2,8,1,0,0
496,0,4,1,0,0
497,0,2,1,0,0
498,0,0,1,0,0
499,0,2,1,0,0
500,0,4,1,0,0
501,-2,8,1,0,0
502,-4,12,1,0,0
503,-5,15,1,0,0
504,-5,19,1,0,0
505,-5,21,1,0,0
506,-4,22,1,0,0
507,0,22,1,0,0
508,4,22,1,0,0
509,8,20,1,0,0
510,13,17,1,0,0
511,18,12,1,0,0
512,21,5,1,0,0
513,20,-4,1,0,0
514,16,-12,1,0,0
515,7,-19,1,0,0
516,-4,-20,1,0,0
517,-15,-15,1,0,0
518,-21,-3,1,0,0
519,-18,12,1,0,0
520,-6,22,1,0,0
521,10,20,1,0,0
522,21,7,1,0,0
523,17,-11,1,0,0
524,2,-20,1,0,0
525,-16,-12,1,0,0
526,-20,8,1,0,0
527,-4,22,1,0,0
528,16,14,1,0,0
529,18,-8,1,0,0
530,-1,-17,1,0,0
531,-15,-3,1,0,0
532,-6,10,1,0,0
533,5,7,1,0,0
534,3,-1,1,0,0
535,0,0,1,0,0
536,0,0,1,0,0
537,0,0,1,0,0
538,0,0,1,0,0
539,0,0,1,0,0
540,0,0,1,0,0
541,0,0,1,0,0
542,0,0,1,0,0
543,0,0,1,0,0
544,0,0,1,0,0
545,0,0,1,0,0
546,0,0,1,0,0
547,1,-1,1,0,0
548,2,-4,1,0,0
549,-6,-6,1,0,0
550,-9,5,1,0,0
551,4,14,1,0,0
552,18,0,1,0,0
553,9,-19,1,0,0
554,-13,-17,1,0,0
555,-21,3,1,0,0
556,-7,19,1,0,0
557,13,15,1,0,0
558,21,-3,1,0,0
559,12,-18,1,0,0
560,-6,-22,1,0,0
561,-19,-11,1,0,0
562,-21,5,1,0,0
563,-11,17,1,0,0
564,4,20,1,0,0
565,15,15,1,0,0
566,21,3,1,0,0
567,20,-8,1,0,0
568,13,-17,1,0,0
569,5,-21,1,0,0
570,-4,-22,1,0,0
571,-11,-19,1,0,0
572,-16,-14,1,0,0
573,-19,-9,1,0,0
574,-21,-5,1,0,0
575,-21,-1,1,0,0
576,-21,3,1,0,0
577,-20,4,1,0,0
578,-18,4,1,0,0
579,-14,4,1,0,0
580,-11,3,1,0,0
581,-7,1,1,0,0
582,-3,-1,1,0,0
583,-1,-1,1,0,0
584,0,0,1,0,0
585,-1,-1,1,0,0
586,-3,-1,1,0,0
587,-7,1,1,0,0
588,-11,3,1,0,0
589,-14,4,1,0,0
590,-18,4,1,0,0
591,-20,4,1,0,0
592,-21,3,1,0,0
593,-21,-1,1,0,0
594,-21,-5,1,0,0
595,-19,-9,1,0,0
596,-16,-14,1,0,0
597,-11,-19,1,0,0
598,-4,-22,1,0,0
599,5,-21,1,0,0
600,13,-17,1,0,0
601,20,-8,1,0,0
602,21,3,1,0,0
603,15,15,1,0,0
604,4,20,1,0,0
605,-11,17,1,0,0
606,-21,5,1,0,0
607,-19,-11,1,0,0
608,-6,-22,1,0,0
609,12,-18,1,0,0
610,21,-3,1,0,0
611,13,15,1,0,0
612,-7,19,1,0,0
613,-21,3,1,0,0
614,-13,-17,1,0,0
615,9,-19,1,0,0
616,18,0,1,0,0
617,4,14,1,0,0
618,-9,5,1,0,0
619,-6,-6,1,0,0
620,2,-4,1,0,0
621,1,-1,1,0,0
622,0,0,1,0,0
623,0,0,1,0,0
624,-3,1,1,0,0
625,-5,-7,1,0,0
626,6,-10,1,0,0
627,15,3,1,0,0
628,1,17,1,0,0
629,-18,8,1,0,0
630,-16,-14,1,0,0
631,4,-22,1,0,0
632,20,-8,1,0,0
633,16,12,1,0,0
634,-2,20,1,0,0
635,-17,11,1,0,0
636,-21,-7,1,0,0
637,-10,-20,1,0,0
638,6,-22,1,0,0
639,18,-12,1,0,0
640,21,3,1,0,0
641,15,15,1,0,0
642,4,20,1,0,0
643,-7,19,1,0,0
644,-16,12,1,0,0
645,-20,4,1,0,0
646,-21,-5,1,0,0
647,-18,-12,1,0,0
648,-13,-17,1,0,0
649,-8,-20,1,0,0
650,-4,-22,1,0,0
651,0,-22,1,0,0
652,4,-22,1,0,0
653,5,-21,1,0,0
654,5,-19,1,0,0
655,5,-15,1,0,0
656,4,-12,1,0,0
657,2,-8,1,0,0
658,0,-4,1,0,0
659,0,-2,1,0,0
660,0,0,1,0,0
661,0,-2,1,0,0
662,0,-4,1,0,0
663,2,-8,1,0,0
664,4,-12,1,0,0
665,5,-15,1,0,0
666,5,-19,1,0,0
667,5,-21,1,0,0
668,4,-22,1,0,0
669,0,-22,1,0,0
670,-4,-22,1,0,0
671,-8,-20,1,0,0
672,-13,-17,1,0,0
673,-18,-12,1,0,0
674,-21,-5,1,0,0
675,-20,4,1,0,0
676,-16,12,1,0,0
677,-7,19,1,0,0
678,4,20,1,0,0
679,15,15,1,0,0
680,21,3,1,0,0
681,18,-12,1,0,0
682,6,-22,1,0,0
683,-10,-20,1,0,0
684,-21,-7,1,0,0
685,-17,11,1,0,0
686,-2,20,1,0,0
687,16,12,1,0,0
688,20,-8,1,0,0
689,4,-22,1,0,0
690,-16,-14,1,0,0
691,-18,8,1,0,0
692,1,17,1,0,0
693,15,3,1,0,0
694,6,-10,1,0,0
695,-5,-7,1,0,0
696,-3,1,1,0,0
697,0,0,1,0,0
698,0,0,1,0,0
699,0,0,1,0,0
700,0,0,1,0,0
701,0,0,1,0,0
702,0,0,1,0,0
703,0,0,1,0,0
704,0,0,1,0,0
705,0,0,1,0,0
706,0,0,1,0,0
707,0,0,1,0,0
708,0,0,1,0,0
709,0,0,1,0,0
710,0,0,1,0,0
711,0,0,1,0,0
712,0,0,1,0,0
713,0,0,1,0,0
714,0,0,1,0,0
715,0,0,1,0,0
716,0,0,1,0,0
717,0,0,1,0,0
718,0,0,1,0,0
719,0,0,1,0,0
720,0,0,1,0,0
721,0,0,1,0,0
722,0,0,1,0,0
723,0,0,1,0,0
724,0,0,1,0,0
725,0,0,1,0,0
726,0,0,1,0,0
727,0,0,1,0,0
728,0,0,1,0,0
729,0,0,1,0,0
730,0,0,1,0,0
731,0,0,1,0,0
732,0,0,1,0,0
733,0,0,1,0,0
734,0,0,1,0,0
735,0,0,1,0,0
736,0,0,1,0,0
737,0,0,1,0,0
738,0,0,1,0,0
739,0,0,1,0,0
740,0,0,1,0,0
741,0,0,1,0,0
742,0,0,1,0,0
743,0,0,1,0,0
744,0,0,1,0,0
745,0,0,1,0,0
746,0,0,1,0,0
747,0,0,1,0,0
748,0,0,1,0,0
749,0,0,1,0,0
750,0,0,1,0,0
751,0,0,1,0,0
752,0,0,1,0,0
753,0,0,1,0,0
754,0,0,1,0,0
755,0,0,1,0,0
756,0,0,1,0,0
757,0,0,1,0,0
758,0,0,1,0,0
759,0,0,1,0,0
760,0,0,1,0,0
761,0,0,1,0,0
762,0,0,1,0,0
763,0,0,1,0,0
764,0,0,1,0,0
765,0,0,1,0,0
766,0,0,1,0,0
767,0,0,1,0,0
768,0,0,1,0,0
769,-1,1,1,0,0
770,-2,4,1,0,0
771,6,6,1,0,0
772,9,-5,1,0,0
773,-4,-14,1,0,0
774,-18,0,1,0,0
775,-9,19,1,0,0
776,13,17,1,0,0
777,21,-3,1,0,0
778,7,-19,1,0,0
779,-13,-15,1,0,0
780,-21,3,1,0,0
781,-12,18,1,0,0
782,6,22,1,0,0
783,19,11,1,0,0
784,21,-5,1,0,0
785,11,-17,1,0,0
786,-4,-20,1,0,0
787,-15,-15,1,0,0
788,-21,-3,1,0,0
789,-20,8,1,0,0
790,-13,17,1,0,0
791,-5,21,1,0,0
792,4,22,1,0,0
793,11,19,1,0,0
794,16,14,1,0,0
795,19,9,1,0,0
796,21,5,1,0,0
797,21,1,1,0,0
798,21,-3,1,0,0
799,20,-4,1,0,0
800,18,-4,1,0,0
801,14,-4,1,0,0
802,11,-3,1,0,0
803,7,-1,1,0,0
804,3,1,1,0,0
805,1,1,1,0,0
806,0,0,1,0,0
807,1,1,1,0,0
808,3,1,1,0,0
809,7,-1,1,0,0
810,11,-3,1,0,0
811,14,-4,1,0,0
812,18,-4,1,0,0
813,20,-4,1,0,0
814,21,-3,1,0,0
815,21,1,1,0,0
816,21,5,1,0,0
817,19,9,1,0,0
818,16,14,1,0,0
819,11,19,1,0,0
820,4,22,1,0,0
821,-5,21,1,0,0
822,-13,17,1,0,0
823,-20,8,1,0,0
824,-21,-3,1,0,0
825,-15,-15,1,0,0
826,-4,-20,1,0,0
827,11,-17,1,0,0
828,21,-5,1,0,0
829,19,11,1,0,0
830,6,22,1,0,0
831,-12,18,1,0,0
832,-21,3,1,0,0
833,-13,-15,1,0,0
834,7,-19,1,0,0
835,21,-3,1,0,0
836,13,17,1,0,0
837,-9,19,1,0,0
838,-18,0,1,0,0
839,-4,-14,1,0,0
840,9,-5,1,0,0
841,6,6,1,0,0
842,-2,4,1,0,0
843,-1,1,1,0,0
844,0,0,1,0,0
845,0,0,1,0,0
846,3,-1,1,0,0
847,5,7,1,0,0
848,-6,10,1,0,0
849,-15,-3,1,0,0
850,-1,-17,1,0,0
851,18,-8,1,0,0
852,16,14,1,0,0
853,-4,22,1,0,0
854,-20,8,1,0,0
855,-16,-12,1,0,0
856,2,-20,1,0,0
857,17,-11,1,0,0
858,21,7,1,0,0
859,10,20,1,0,0
860,-6,22,1,0,0
861,-18,12,1,0,0
862,-21,-3,1,0,0
863,-15,-15,1,0,0
864,-4,-20,1,0,0
865,7,-19,1,0,0
866,16,-12,1,0,0
867,20,-4,1,0,0
868,21,5,1,0,0
869,18,12,1,0,0
870,13,17,1,0,0
871,8,20,1,0,0
872,4,22,1,0,0
873,0,22,1,0,0
874,-4,22,1,0,0
875,-5,21,1,0,0
876,-5,19,1,0,0
877,-5,15,1,0,0
878,-4,12,1,0,0
879,-2,8,1,0,0
880,0,4,1,0,0
881,0,2,1,0,0
882,0,0,1,0,0
883,0,2,1,0,0
884,0,4,1,0,0
885,-2,8,1,0,0
886,-4,12,1,0,0
887,-5,15,1,0,0
888,-5,19,1,0,0
889,-5,21,1,0,0
890,-4,22,1,0,0
891,0,22,1,0,0
892,4,22,1,0,0
893,8,20,1,0,0
894,13,17,1,0,0
895,18,12,1,0,0
896,21,5,1,0,0
897,20,-4,1,0,0
898,16,-12,1,0,0
899,7,-19,1,0,0
900,-4,-20,1,0,0
901,-15,-15,1,0,0
902,-21,-3,1,0,0
903,-18,12,1,0,0
904,-6,22,1,0,0
905,10,20,1,0,0
906,21,7,1,0,0
907,17,-11,1,0,0
908,2,-20,1,0,0
909,-16,-12,1,0,0
910,-20,8,1,0,0
911,-4,22,1,0,0
912,16,14,1,0,0
913,18,-8,1,0,0
914,-1,-17,1,0,0
915,-15,-3,1,0,0
916,-6,10,1,0,0
917,5,7,1,0,0
918,3,-1,1,0,0
919,0,0,1,0,0
920,0,0,1,0,0
921,0,0,1,0,0
922,0,0,1,0,0
923,0,0,1,0,0
924,0,0,1,0,0
925,0,0,1,0,0
926,0,0,1,0,0
927,0,0,1,0,0
928,0,0,1,0,0
929,0,0,1,0,0
930,0,0,1,0,0
931,1,-1,1,0,0
932,2,-4,1,0,0
933,-6,-6,1,0,0
934,-9,5,1,0,0
935,4,14,1,0,0
936,18,0,1,0,0
937,9,-19,1,0,0
938,-13,-17,1,0,0
939,-21,3,1,0,0
940,-7,19,1,0,0
941,13,15,1,0,0
942,21,-3,1,0,0
943,12,-18,1,0,0
944,-6,-22,1,0,0
945,-19,-11,1,0,0
946,-21,5,1,0,0
947,-11,17,1,0,0
948,4,20,1,0,0
949,15,15,1,0,0
950,21,3,1,0,0
951,20,-8,1,0,0
952,13,-17,1,0,0
953,5,-21,1,0,0
954,-4,-22,1,0,0
955,-11,-19,1,0,0
956,-16,-14,1,0,0
957,-19,-9,1,0,0
958,-21,-5,1,0,0
959,-21,-1,1,0,0
960,-21,3,1,0,0
961,-20,4,1,0,0
962,-18,4,1,0,0
963,-14,4,1,0,0
964,-11,3,1,0,0
965,-7,1,1,0,0
966,-3,-1,1,0,0
967,-1,-1,1,0,0
968,0,0,1,0,0
969,-1,-1,1,0,0
970,-3,-1,1,0,0
971,-7,1,1,0,0
972,-11,3,1,0,0
973,-14,4,1,0,0
974,-18,4,1,0,0
975,-20,4,1,0,0
976,-21,3,1,0,0
977,-21,-1,1,0,0
978,-21,-5,1,0,0
979,-19,-9,1,0,0
980,-16,-14,1,0,0
981,-11,-19,1,0,0
982,-4,-22,1,0,0
983,5,-21,1,0,0
984,13,-17,1,0,0
985,20,-8,1,0,0
986,21,3,1,0,0
987,15,15,1,0,0
988,4,20,1,0,0
989,-11,17,1,0,0
990,-21,5,1,0,0
991,-19,-11,1,0,0
992,-6,-22,1,0,0
993,12,-18,1,0,0
994,21,-3,1,0,0
995,13,15,1,0,0
996,-7,19,1,0,0
997,-21,3,1,0,0
998,-13,-17,1,0,0
999,9,-19,1,0,0
1000,18,0,1,0,0
1001,4,14,1,0,0
1002,-9,5,1,0,0
1003,-6,-6,1,0,0
1004,2,-4,1,0,0
1005,1,-1,1,0,0
1006,0,0,1,0,0
1007,0,0,1,0,0
1008,-3,1,1,0,0
1009,-5,-7,1,0,0
1010,6,-10,1,0,0
1011,15,3,1,0,0
1012,1,17,1,0,0
1013,-18,8,1,0,0
1014,-16,-14,1,0,0
1015,4,-22,1,0,0
1016,20,-8,1,0,0
1017,16,12,1,0,0
1018,-2,20,1,0,0
1019,-17,11,1,0,0
1020,-21,-7,1,0,0
1021,-10,-20,1,0,0
1022,6,-22,1,0,0
1023,18,-12,1,0,0
1024,21,3,1,0,0
1025,15,15,1,0,0
1026,4,20,1,0,0
1027,-7,19,1,0,0
1028,-16,12,1,0,0
1029,-20,4,1,0,0
1030,-21,-5,1,0,0
1031,-18,-12,1,0,0
1032,-13,-17,1,0,0
1033,-8,-20,1,0,0
1034,-4,-22,1,0,0
1035,0,-22,1,0,0
1036,4,-22,1,0,0
1037,5,-21,1,0,0
1038,5,-19,1,0,0
1039,5,-15,1,0,0
1040,4,-12,1,0,0
1041,2,-8,1,0,0
1042,0,-4,1,0,0
1043,0,-2,1,0,0
1044,0,0,1,0,0
1045,0,-2,1,0,0
1046,0,-4,1,0,0
1047,2,-8,1,0,0
1048,4,-12,1,0,0
1049,5,-15,1,0,0
1050,5,-19,1,0,0
1051,5,-21,1,0,0
1052,4,-22,1,0,0
1053,0,-22,1,0,0
1054,-4,-22,1,0,0
1055,-8,-20,1,0,0
1056,-13,-17,1,0,0
1057,-18,-12,1,0,0
1058,-21,-5,1,0,0
1059,-20,4,1,0,0
1060,-16,12,1,0,0
1061,-7,19,1,0,0
1062,4,20,1,0,0
1063,15,15,1,0,0
1064,21,3,1,0,0
1065,18,-12,1,0,0
1066,6,-22,1,0,0
1067,-10,-20,1,0,0
1068,-21,-7,1,0,0
1069,-17,11,1,0,0
1070,-2,20,1,0,0
1071,16,12,1,0,0
1072,20,-8,1,0,0
1073,4,-22,1,0,0
1074,-16,-14,1,0,0
1075,-18,8,1,0,0
1076,1,17,1,0,0
1077,15,3,1,0,0
1078,6,-10,1,0,0
1079,-5,-7,1,0,0
1080,-3,1,1,0,0
1081,0,0,1,0,0
1082,0,0,1,0,0
1083,0,0,1,0,0
1084,0,0,1,0,0
1085,0,0,1,0,0
1086,0,0,1,0,0
1087,0,0,1,0,0
1088,0,0,1,0,0
1089,0,0,1,0,0
1090,0,0,1,0,0
1091,0,0,1,0,0
1092,0,0,1,0,0
1093,0,0,1,0,0
1094,0,0,1,0,0
1095,0,0,1,0,0
1096,0,0,1,0,0
1097,0,0,1,0,0
1098,0,0,1,0,0
1099,0,0,1,0,0
1100,0,0,1,0,0
1101,0,0,1,0,0
1102,0,0,1,0,0
1103,0,0,1,0,0
1104,0,0,1,0,0
1105,0,0,1,0,0
1106,0,0,1,0,0
1107,0,0,1,0,0
1108,0,0,1,0,0
1109,0,0,1,0,0
1110,0,0,1,0,0
1111,0,0,1,0,0
1112,0,0,1,0,0
1113,0,0,1,0,0
1114,0,0,1,0,0
1115,0,0,1,0,0
1116,0,0,1,0,0
1117,0,0,1,0,0
1118,0,0,1,0,0
1119,0,0,1,0,0
1120,0,0,1,0,0
1121,0,0,1,0,0
1122,0,0,1,0,0
1123,0,0,1,0,0
1124,0,0,1,0,0
1125,0,0,1,0,0
1126,0,0,1,0,0
1127,0,0,1,0,0
1128,0,0,1,0,0
1129,0,0,1,0,0
1130,0,0,1,0,0
1131,0,0,1,0,0
1132,0,0,1,0,0
1133,0,0,1,0,0
1134,0,0,1,0,0
1135,0,0,1,0,0
1136,0,0,1,0,0
1137,0,0,1,0,0
1138,0,0,1,0,0
1139,0,0,1,0,0
1140,0,0,1,0,0
1141,0,0,1,0,0
1142,0,0,1,0,0
1143,0,0,1,0,0
1144,0,0,1,0,0
1145,0,0,1,0,0
1146,0,0,1,0,0
1147,0,0,1,0,0
1148,0,0,1,0,0
1149,0,0,1,0,0
1150,0,0,1,0,0
1151,0,0,1,0,0
1152,0,0,1,0,0
1153,-1,1,1,0,0
1154,-2,4,1,0,0
1155,6,6,1,0,0
1156,9,-5,1,0,0
1157,-4,-14,1,0,0
1158,-18,0,1,0,0
1159,-9,19,1,0,0
1160,13,17,1,0,0
1161,21,-3,1,0,0
1162,7,-19,1,0,0
1163,-13,-15,1,0,0
1164,-21,3,1,0,0
1165,-12,18,1,0,0
1166,6,22,1,0,0
1167,19,11,1,0,0
1168,21,-5,1,0,0
1169,11,-17,1,0,0
1170,-4,-20,1,0,0
1171,-15,-15,1,0,0
1172,-21,-3,1,0,0
1173,-20,8,1,0,0
1174,-13,17,1,0,0
1175,-5,21,1,0,0
1176,4,22,1,0,0
1177,11,19,1,0,0
1178,16,14,1,0,0
1179,19,9,1,0,0
1180,21,5,1,0,0
1181,21,1,1,0,0
1182,21,-3,1,0,0
1183,20,-4,1,0,0
1184,18,-4,1,0,0
1185,14,-4,1,0,0
1186,11,-3,1,0,0
1187,7,-1,1,0,0
1188,3,1,1,0,0
1189,1,1,1,0,0
1190,0,0,1,0,0
1191,1,1,1,0,0
1192,3,1,1,0,0
1193,7,-1,1,0,0
1194,11,-3,1,0,0
1195,14,-4,1,0,0
1196,18,-4,1,0,0
1197,20,-4,1,0,0
1198,21,-3,1,0,0
1199,21,1,1,0,0
1200,21,5,1,0,0
1201,19,9,1,0,0
1202,16,14,1,0,0
1203,11,19,1,0,0
1204,4,22,1,0,0
1205,-5,21,1,0,0
1206,-13,17,1,0,0
1207,-20,8,1,0,0
1208,-21,-3,1,0,0
1209,-15,-15,1,0,0
1210,-4,-20,1,0,0
1211,11,-17,1,0,0
1212,21,-5,1,0,0
1213,19,11,1,0,0
1214,6,22,1,0,0
1215,-12,18,1,0,0
1216,-21,3,1,0,0
1217,-13,-15,1,0,0
1218,7,-19,1,0,0
1219,21,-3,1,0,0
1220,13,17,1,0,0
1221,-9,19,1,0,0
1222,-18,0,1,0,0
1223,-4,-14,1,0,0
1224,9,-5,1,0,0
1225,6,6,1,0,0
1226,-2,4,1,0,0
1227,-1,1,1,0,0
1228,0,0,1,0,0
1229,0,0,1,0,0
1230,3,-1,1,0,0
1231,5,7,1,0,0
1232,-6,10,1,0,0
1233,-15,-3,1,0,0
1234,-1,-17,1,0,0
1235,18,-8,1,0,0
1236,16,14,1,0,0
1237,-4,22,1,0,0
1238,-20,8,1,0,0
1239,-16,-12,1,0,0
1240,2,-20,1,0,0
1241,17,-11,1,0,0
1242,21,7,1,0,0
1243,10,20,1,0,0
1244,-6,22,1,0,0
1245,-18,12,1,0,0
1246,-21,-3,1,0,0
1247,-15,-15,1,0,0
1248,-4,-20,1,0,0
1249,7,-19,1,0,0
1250,16,-12,1,0,0
1251,20,-4,1,0,0
1252,21,5,1,0,0
1253,18,12,1,0,0
1254,13,17,1,0,0
1255,8,20,1,0,0
1256,4,22,1,0,0
1257,0,22,1,0,0
1258,-4,22,1,0,0
1259,-5,21,1,0,0
1260,-5,19,1,0,0
1261,-5,15,1,0,0
1262,-4,12,1,0,0
1263,-2,8,1,0,0
1264,0,4,1,0,0
1265,0,2,1,0,0
1266,0,0,1,0,0
1267,0,2,1,0,0
1268,0,4,1,0,0
1269,-2,8,1,0,0
1270,-4,12,1,0,0
1271,-5,15,1,0,0
1272,-5,19,1,0,0
1273,-5,21,1,0,0
1274,-4,22,1,0,0
1275,0,22,1,0,0
1276,4,22,1,0,0
1277,8,20,1,0,0
1278,13,17,1,0,0
1279,18,12,1,0,0
1280,21,5,1,0,0
1281,20,-4,1,0,0
1282,16,-12,1,0,0
1283,7,-19,1,0,0
1284,-4,-20,1,0,0
1285,-15,-15,1,0,0
1286,-21,-3,1,0,0
1287,-18,12,1,0,0
1288,-6,22,1,0,0
1289,10,20,1,0,0
1290,21,7,1,0,0
1291,17,-11,1,0,0
1292,2,-20,1,0,0
1293,-16,-12,1,0,0
1294,-20,8,1,0,0
1295,-4,22,1,0,0
1296,16,14,1,0,0
1297,18,-8,1,0,0
1298,-1,-17,1,0,0
1299,-15,-3,1,0,0
1300,-6,10,1,0,0
1301,5,7,1,0,0
1302,3,-1,1,0,0
1303,0,0,1,0,0
1304,0,0,1,0,0
1305,0,0,1,0,0
1306,0,0,1,0,0
1307,0,0,1,0,0
1308,0,0,1,0,0
1309,0,0,1,0,0
1310,0,0,1,0,0
1311,0,0,1,0,0
1312,0,0,1,0,0
1313,0,0,1,0,0
1314,0,0,1,0,0
1315,1,-1,1,0,0
1316,2,-4,1,0,0
1317,-6,-6,1,0,0
1318,-9,5,1,0,0
1319,4,14,1,0,0
1320,18,0,1,0,0
1321,9,-19,1,0,0
1322,-13,-17,1,0,0
1323,-21,3,1,0,0
1324,-7,19,1,0,0
1325,13,15,1,0,0
1326,21,-3,1,0,0
1327,12,-18,1,0,0
1328,-6,-22,1,0,0
1329,-19,-11,1,0,0
1330,-21,5,1,0,0
1331,-11,17,1,0,0
1332,4,20,1,0,0
1333,15,15,1,0,0
1334,21,3,1,0,0
1335,20,-8,1,0,0
1336,13,-17,1,0,0
1337,5,-21,1,0,0
1338,-4,-22,1,0,0
1339,-11,-19,1,0,0
1340,-16,-14,1,0,0
1341,-19,-9,1,0,0
1342,-21,-5,1,0,0
1343,-21,-1,1,0,0
1344,-21,3,1,0,0
1345,-20,4,1,0,0
1346,-18,4,1,0,0
1347,-14,4,1,0,0
1348,-11,3,1,0,0
1349,-7,1,1,0,0
1350,-3,-1,1,0,0
1351,-1,-1,1,0,0
1352,0,0,1,0,0
1353,-1,-1,1,0,0
1354,-3,-1,1,0,0
1355,-7,1,1,0,0
1356,-11,3,1,0,0
1357,-14,4,1,0,0
1358,-18,4,1,0,0
1359,-20,4,1,0,0
1360,-21,3,1,0,0
1361,-21,-1,1,0,0
1362,-21,-5,1,0,0
1363,-19,-9,1,0,0
1364,-16,-14,1,0,0
1365,-11,-19,1,0,0
1366,-4,-22,1,0,0
1367,5,-21,1,0,0
1368,13,-17,1,0,0
1369,20,-8,1,0,0
1370,21,3,1,0,0
1371,15,15,1,0,0
1372,4,20,1,0,0
1373,-11,17,1,0,0
1374,-21,5,1,0,0
1375,-19,-11,1,0,0
1376,-6,-22,1,0,0
1377,12,-18,1,0,0
1378,21,-3,1,0,0
1379,13,15,1,0,0
1380,-7,19,1,0,0
1381,-21,3,1,0,0
1382,-13,-17,1,0,0
1383,9,-19,1,0,0
1384,18,0,1,0,0
1385,4,14,1,0,0
1386,-9,5,1,0,0
1387,-6,-6,1,0,0
1388,2,-4,1,0,0
1389,1,-1,1,0,0
1390,0,0,1,0,0
1391,0,0,1,0,0
1392,-3,1,1,0,0
1393,-5,-7,1,0,0
1394,6,-10,1,0,0
1395,15,3,1,0,0
1396,1,17,1,0,0
1397,-18,8,1,0,0
1398,-16,-14,1,0,0
1399,4,-22,1,0,0
1400,20,-8,1,0,0
1401,16,12,1,0,0
1402,-2,20,1,0,0
1403,-17,11,1,0,0
1404,-21,-7,1,0,0
1405,-10,-20,1,0,0
1406,6,-22,1,0,0
1407,18,-12,1,0,0
1408,21,3,1,0,0
1409,15,15,1,0,0
1410,4,20,1,0,0
1411,-7,19,1,0,0
1412,-16,12,1,0,0
1413,-20,4,1,0,0
1414,-21,-5,1,0,0
1415,-18,-12,1,0,0
1416,-13,-17,1,0,0
1417,-8,-20,1,0,0
1418,-4,-22,1,0,0
1419,0,-22,1,0,0
1420,4,-22,1,0,0
1421,5,-21,1,0,0
1422,5,-19,1,0,0
1423,5,-15,1,0,0
1424,4,-12,1,0,0
1425,2,-8,1,0,0
1426,0,-4,1,0,0
1427,0,-2,1,0,0
1428,0,0,1,0,0
1429,0,-2,1,0,0
1430,0,-4,1,0,0
1431,2,-8,1,0,0
1432,4,-12,1,0,0
1433,5,-15,1,0,0
1434,5,-19,1,0,0
1435,5,-21,1,0,0
1436,4,-22,1,0,0
1437,0,-22,1,0,0
1438,-4,-22,1,0,0
1439,-8,-20,1,0,0
1440,-13,-17,1,0,0
1441,-18,-12,1,0,0
1442,-21,-5,1,0,0
1443,-20,4,1,0,0
1444,-16,12,1,0,0
1445,-7,19,1,0,0
1446,4,20,1,0,0
1447,15,15,1,0,0
1448,21,3,1,0,0
1449,18,-12,1,0,0
1450,6,-22,1,0,0
1451,-10,-20,1,0,0
1452,-21,-7,1,0,0
1453,-17,11,1,0,0
1454,-2,20,1,0,0
1455,16,12,1,0,0
1456,20,-8,1,0,0
1457,4,-22,1,0,0
1458,-16,-14,1,0,0
1459,-18,8,1,0,0
1460,1,17,1,0,0
1461,15,3,1,0,0
1462,6,-10,1,0,0
1463,-5,-7,1,0,0
1464,-3,1,1,0,0
1465,0,0,1,0,0
1466,0,0,1,0,0
1467,0,0,1,0,0
1468,0,0,1,0,0
1469,0,0,1,0,0
1470,0,0,1,0,0
1471,0,0,1,0,0
1472,0,0,1,0,0
1473,0,0,1,0,0
1474,0,0,1,0,0
1475,0,0,1,0,0
1476,0,0,1,0,0
1477,0,0,1,0,0
1478,0,0,1,0,0
1479,0,0,1,0,0
1480,0,0,1,0,0
1481,0,0,1,0,0
1482,0,0,1,0,0
1483,0,0,1,0,0
1484,0,0,1,0,0
1485,0,0,1,0,0
1486,0,0,1,0,0
1487,0,0,1,0,0
1488,0,0,1,0,0
1489,0,0,1,0,0
1490,0,0,1,0,0
1491,0,0,1,0,0
1492,0,0,1,0,0
1493,0,0,1,0,0
1494,0,0,1,0,0
1495,0,0,1,0,0
1496,0,0,1,0,0
1497,0,0,1,0,0
1498,0,0,1,0,0
1499,0,0,1,0,0
1500,0,0,1,0,0
1501,0,0,1,0,0
1502,0,0,1,0,0
1503,0,0,1,0,0
1504,0,0,1,0,0
1505,0,0,1,0,0
1506,0,0,1,0,0
1507,0,0,1,0,0
1508,0,0,1,0,0
1509,0,0,1,0,0
1510,0,0,1,0,0
1511,0,0,1,0,0
1512,0,0,1,0,0
1513,0,0,1,0,0
1514,0,0,1,0,0
1515,0,0,1,0,0
1516,0,0,1,0,0
1517,0,0,1,0,0
1518,0,0,1,0,0
1519,0,0,1,0,0
1520,0,0,1,0,0
1521,0,0,1,0,0
1522,0,0,1,0,0
1523,0,0,1,0,0
1524,0,0,1,0,0
1525,0,0,1,0,0
1526,0,0,1,0,0
1527,0,0,1,0,0
1528,0,0,1,0,0
1529,0,0,1,0,0
1530,0,0,1,0,0
1531,0,0,1,0,0
1532,0,0,1,0,0
1533,0,0,1,0,0
1534,0,0,1,0,0
1535,0,0,1,0,0
1536,0,0,1,0,0
1537,1,-1,1,0,0
1538,2,-4,1,0,0
1539,-6,-6,1,0,0
1540,-9,5,1,0,0
1541,4,14,1,0,0
1542,18,0,1,0,0
1543,9,-19,1,0,0
1544,-13,-17,1,0,0
1545,-21,3,1,0,0
1546,-7,19,1,0,0
1547,13,15,1,0,0
1548,21,-3,1,0,0
1549,12,-18,1,0,0
1550,-6,-22,1,0,0
1551,-19,-11,1,0,0
1552,-21,5,1,0,0
1553,-11,17,1,0,0
1554,4,20,1,0,0
1555,15,15,1,0,0
1556,21,3,1,0,0
1557,20,-8,1,0,0
1558,13,-17,1,0,0
1559,5,-21,1,0,0
1560,-4,-22,1,0,0
1561,-11,-19,1,0,0
1562,-16,-14,1,0,0
1563,-19,-9,1,0,0
1564,-21,-5,1,0,0
1565,-21,-1,1,0,0
1566,-21,3,1,0,0
1567,-20,4,1,0,0
1568,-18,4,1,0,0
1569,-14,4,1,0,0
1570,-11,3,1,0,0
1571,-7,1,1,0,0
1572,-3,-1,1,0,0
1573,-1,-1,1,0,0
1574,0,0,1,0,0
1575,1,1,1,0,0
1576,3,1,1,0,0
1577,7,-1,1,0,0
1578,11,-3,1,0,0
1579,14,-4,1,0,0
1580,18,-4,1,0,0
1581,20,-4,1,0,0
1582,21,-3,1,0,0
1583,21,1,1,0,0
1584,21,5,1,0,0
1585,19,9,1,0,0
1586,16,14,1,0,0
1587,11,19,1,0,0
1588,4,22,1,0,0
1589,-5,21,1,0,0
1590,-13,17,1,0,0
1591,-20,8,1,0,0
1592,-21,-3,1,0,0
1593,-15,-15,1,0,0
1594,-4,-20,1,0,0
1595,11,-17,1,0,0
1596,21,-5,1,0,0
1597,19,11,1,0,0
1598,6,22,1,0,0
1599,-12,18,1,0,0
1600,-21,3,1,0,0
1601,-13,-15,1,0,0
1602,7,-19,1,0,0
1603,21,-3,1,0,0
1604,13,17,1,0,0
1605,-9,19,1,0,0
1606,-18,0,1,0,0
1607,-4,-14,1,0,0
1608,9,-5,1,0,0
1609,6,6,1,0,0
1610,-2,4,1,0,0
1611,-1,1,1,0,0
1612,0,0,1,0,0
1613,0,0,1,0,0
1614,3,-1,1,0,0
1615,5,7,1,0,0
1616,-6,10,1,0,0
1617,-15,-3,1,0,0
1618,-1,-17,1,0,0
1619,18,-8,1,0,0
1620,16,14,1,0,0
1621,-4,22,1,0,0
1622,-20,8,1,0,0
1623,-16,-12,1,0,0
1624,2,-20,1,0,0
1625,17,-11,1,0,0
1626,21,7,1,0,0
1627,10,20,1,0,0
1628,-6,22,1,0,0
1629,-18,12,1,0,0
1630,-21,-3,1,0,0
1631,-15,-15,1,0,0
1632,-4,-20,1,0,0
1633,7,-19,1,0,0
1634,16,-12,1,0,0
1635,20,-4,1,0,0
1636,21,5,1,0,0
1637,18,12,1,0,0
1638,13,17,1,0,0
1639,8,20,1,0,0
1640,4,22,1,0,0
1641,0,22,1,0,0
1642,-4,22,1,0,0
1643,-5,21,1,0,0
1644,-5,19,1,0,0
1645,-5,15,1,0,0
1646,-4,12,1,0,0
1647,-2,8,1,0,0
1648,0,4,1,0,0
1649,0,2,1,0,0
1650,0,0,1,0,0
1651,0,2,1,0,0
1652,0,4,1,0,0
1653,-2,8,1,0,0
1654,-4,12,1,0,0
1655,-5,15,1,0,0
1656,-5,19,1,0,0
1657,-5,21,1,0,0
1658,-4,22,1,0,0
1659,0,22,1,0,0
1660,4,22,1,0,0
1661,8,20,1,0,0
1662,13,17,1,0,0
1663,18,12,1,0,0
1664,21,5,1,0,0
1665,20,-4,1,0,0
1666,16,-12,1,0,0
1667,7,-19,1,0,0
1668,-4,-20,1,0,0
1669,-15,-15,1,0,0
1670,-21,-3,1,0,0
1671,-18,12,1,0,0
1672,-6,22,1,0,0
1673,10,20,1,0,0
1674,21,7,1,0,0
1675,17,-11,1,0,0
1676,2,-20,1,0,0
1677,-16,-12,1,0,0
1678,-20,8,1,0,0
1679,-4,22,1,0,0
1680,16,14,1,0,0
1681,18,-8,1,0,0
1682,-1,-17,1,0,0
1683,-15,-3,1,0,0
1684,-6,10,1,0,0
1685,5,7,1,0,0
1686,3,-1,1,0,0
1687,0,0,1,0,0
1688,0,0,1,0,0
1689,0,0,1,0,0
1690,0,0,1,0,0
1691,0,0,1,0,0
1692,0,0,1,0,0
1693,0,0,1,0,0
1694,0,0,1,0,0
1695,0,0,1,0,0
1696,0,0,1,0,0
1697,0,0,1,0,0
1698,0,0,1,0,0
1699,1,-1,1,0,0
1700,2,-4,1,0,0
1701,-6,-6,1,0,0
1702,-9,5,1,0,0
1703,4,14,1,0,0
1704,18,0,1,0,0
1705,9,-19,1,0,0
1706,-13,-17,1,0,0
1707,-21,3,1,0,0
1708,-7,19,1,0,0
1709,13,15,1,0,0
1710,21,-3,1,0,0
1711,12,-18,1,0,0
1712,-6,-22,1,0,0
1713,-19,-11,1,0,0
1714,-21,5,1,0,0
1715,-11,17,1,0,0
1716,4,20,1,0,0
1717,15,15,1,0,0
1718,21,3,1,0,0
1719,20,-8,1,0,0
1720,13,-17,1,0,0
1721,5,-21,1,0,0
1722,-4,-22,1,0,0
1723,-11,-19,1,0,0
1724,-16,-14,1,0,0
1725,-19,-9,1,0,0
1726,-21,-5,1,0,0
1727,-21,-1,1,0,0
1728,-21,3,1,0,0
1729,-20,4,1,0,0
1730,-18,4,1,0,0
1731,-14,4,1,0,0
1732,-11,3,1,0,0
1733,-7,1,1,0,0
1734,-3,-1,1,0,0
1735,-1,-1,1,0,0
1736,0,0,1,0,0
1737,-1,-1,1,0,0
1738,-3,-1,1,0,0
1739,-7,1,1,0,0
1740,-11,3,1,0,0
1741,-14,4,1,0,0
1742,-18,4,1,0,0
1743,-20,4,1,0,0
1744,-21,3,1,0,0
1745,-21,-1,1,0,0
1746,-21,-5,1,0,0
1747,-19,-9,1,0,0
1748,-16,-14,1,0,0
1749,-11,-19,1,0,0
1750,-4,-22,1,0,0
1751,5,-21,1,0,0
1752,13,-17,1,0,0
1753,20,-8,1,0,0
1754,21,3,1,0,0
1755,15,15,1,0,0
1756,4,20,1,0,0
1757,-11,17,1,0,0
1758,-21,5,1,0,0
1759,-19,-11,1,0,0
1760,-6,-22,1,0,0
1761,12,-18,1,0,0
1762,21,-3,1,0,0
1763,13,15,1,0,0
1764,-7,19,1,0,0
1765,-21,3,1,0,0
1766,-13,-17,1,0,0
1767,9,-19,1,0,0
1768,18,0,1,0,0
1769,4,14,1,0,0
1770,-9,5,1,0,0
1771,-6,-6,1,0,0
1772,2,-4,1,0,0
1773,1,-1,1,0,0
1774,0,0,1,0,0
1775,0,0,1,0,0
1776,3,-1,1,0,0
1777,5,7,1,0,0
1778,-6,10,1,0,0
1779,-15,-3,1,0,0
1780,-1,-17,1,0,0
1781,18,-8,1,0,0
1782,16,14,1,0,0
1783,-4,22,1,0,0
1784,-20,8,1,0,0
1785,-16,-12,1,0,0
1786,2,-20,1,0,0
1787,17,-11,1,0,0
1788,21,7,1,0,0
1789,10,20,1,0,0
1790,-6,22,1,0,0
1791,-18,12,1,0,0
1792,-21,-3,1,0,0
1793,-15,-15,1,0,0
1794,-4,-20,1,0,0
1795,7,-19,1,0,0
1796,16,-12,1,0,0
1797,20,-4,1,0,0
1798,21,5,1,0,0
1799,18,12,1,0,0
1800,13,17,1,0,0
1801,8,20,1,0,0
1802,4,22,1,0,0
1803,0,22,1,0,0
1804,-4,22,1,0,0
1805,-5,21,1,0,0
1806,-5,19,1,0,0
1807,-5,15,1,0,0
1808,-4,12,1,0,0
1809,-2,8,1,0,0
1810,0,4,1,0,0
1811,0,2,1,0,0
1812,0,0,1,0,0
1813,0,2,1,0,0
1814,0,4,1,0,0
1815,-2,8,1,0,0
1816,-4,12,1,0,0
1817,-5,15,1,0,0
1818,-5,19,1,0,0
1819,-5,21,1,0,0
1820,-4,22,1,0,0
1821,0,22,1,0,0
1822,4,22,1,0,0
1823,8,20,1,0,0
1824,13,17,1,0,0
1825,18,12,1,0,0
1826,21,5,1,0,0
1827,20,-4,1,0,0
1828,16,-12,1,0,0
1829,7,-19,1,0,0
1830,-4,-20,1,0,0
1831,-15,-15,1,0,0
1832,-21,-3,1,0,0
1833,-18,12,1,0,0
1834,-6,22,1,0,0
1835,10,20,1,0,0
1836,21,7,1,0,0
1837,17,-11,1,0,0
1838,2,-20,1,0,0
1839,-16,-12,1,0,0
1840,-20,8,1,0,0
1841,-4,22,1,0,0
1842,16,14,1,0,0
1843,18,-8,1,0,0
1844,-1,-17,1,0,0
1845,-15,-3,1,0,0
1846,-6,10,1,0,0
1847,5,7,1,0,0
1848,3,-1,1,0,0
1849,0,0,1,0,0
1850,0,0,1,0,0
1851,0,0,1,0,0
1852,0,0,1,0,0
1853,0,0,1,0,0
1854,0,0,1,0,0
1855,0,0,1,0,0
1856,0,0,1,0,0
1857,0,0,1,0,0
1858,0,0,1,0,0
1859,0,0,1,0,0
1860,0,0,1,0,0
1861,0,0,1,0,0
1862,0,0,1,0,0
1863,0,0,1,0,0
1864,0,0,1,0,0
1865,0,0,1,0,0
1866,0,0,1,0,0
1867,0,0,1,0,0
1868,0,0,1,0,0
1869,0,0,1,0,0
1870,0,0,1,0,0
1871,0,0,1,0,0
1872,0,0,1,0,0
1873,0,0,1,0,0
1874,0,0,1,0,0
1875,0,0,1,0,0
1876,0,0,1,0,0
1877,0,0,1,0,0
1878,0,0,1,0,0
1879,0,0,1,0,0
1880,0,0,1,0,0
1881,0,0,1,0,0
1882,0,0,1,0,0
1883,0,0,1,0,0
1884,0,0,1,0,0
1885,0,0,1,0,0
1886,0,0,1,0,0
1887,0,0,1,0,0
1888,0,0,1,0,0
1889,0,0,1,0,0
1890,0,0,1,0,0
1891,0,0,1,0,0
1892,0,0,1,0,0
1893,0,0,1,0,0
1894,0,0,1,0,0
1895,0,0,1,0,0
1896,0,0,1,0,0
1897,0,0,1,0,0
1898,0,0,1,0,0
1899,0,0,1,0,0
1900,0,0,1,0,0
1901,0,0,1,0,0
1902,0,0,1,0,0
1903,0,0,1,0,0
1904,0,0,1,0,0
1905,0,0,1,0,0
1906,0,0,1,0,0
1907,0,0,1,0,0
1908,0,0,1,0,0
1909,0,0,1,0,0
1910,0,0,1,0,0
1911,0,0,1,0,0
1912,0,0,1,0,0
1913,0,0,1,0,0
1914,0,0,1,0,0
1915,0,0,1,0,0
1916,0,0,1,0,0
1917,0,0,1,0,0
1918,0,0,1,0,0
1919,0,0,1,0,0
1920,0,0,1,0,0
1921,-1,1,1,0,0
1922,-2,4,1,0,0
1923,6,6,1,0,0
1924,9,-5,1,0,0
1925,-4,-14,1,0,0
1926,-18,0,1,0,0
1927,-9,19,1,0,0
1928,13,17,1,0,0
1929,21,-3,1,0,0
1930,7,-19,1,0,0
1931,-13,-15,1,0,0
1932,-21,3,1,0,0
1933,-12,18,1,0,0
1934,6,22,1,0,0
1935,19,11,1,0,0
1936,21,-5,1,0,0
1937,11,-17,1,0,0
1938,-4,-20,1,0,0
1939,-15,-15,1,0,0
1940,-21,-3,1,0,0
1941,-20,8,1,0,0
1942,-13,17,1,0,0
1943,-5,21,1,0,0
1944,4,22,1,0,0
1945,11,19,1,0,0
1946,16,14,1,0,0
1947,19,9,1,0,0
1948,21,5,1,0,0
1949,21,1,1,0,0
1950,21,-3,1,0,0
1951,20,-4,1,0,0
1952,18,-4,1,0,0
1953,14,-4,1,0,0
1954,11,-3,1,0,0
1955,7,-1,1,0,0
1956,3,1,1,0,0
1957,1,1,1,0,0
1958,0,0,1,0,0
1959,-1,-1,1,0,0
1960,-3,-1,1,0,0
1961,-7,1,1,0,0
1962,-11,3,1,0,0
1963,-14,4,1,0,0
1964,-18,4,1,0,0
1965,-20,4,1,0,0
1966,-21,3,1,0,0
1967,-21,-1,1,0,0
1968,-21,-5,1,0,0
1969,-19,-9,1,0,0
1970,-16,-14,1,0,0
1971,-11,-19,1,0,0
1972,-4,-22,1,0,0
1973,5,-21,1,0,0
1974,13,-17,1,0,0
1975,20,-8,1,0,0
1976,21,3,1,0,0
1977,15,15,1,0,0
1978,4,20,1,0,0
1979,-11,17,1,0,0
1980,-21,5,1,0,0
1981,-19,-11,1,0,0
1982,-6,-22,1,0,0
1983,12,-18,1,0,0
1984,21,-3,1,0,0
1985,13,15,1,0,0
1986,-7,19,1,0,0
1987,-21,3,1,0,0
1988,-13,-17,1,0,0
1989,9,-19,1,0,0
1990,18,0,1,0,0
1991,4,14,1,0,0
1992,-9,5,1,0,0
1993,-6,-6,1,0,0
1994,2,-4,1,0,0
1995,1,-1,1,0,0
1996,0,0,1,0,0
1997,0,0,1,0,0
1998,3,-1,1,0,0
1999,5,7,1,0,0
2000,-6,10,1,0,0
2001,-15,-3,1,0,0
2002,-1,-17,1,0,0
2003,18,-8,1,0,0
2004,16,14,1,0,0
2005,-4,22,1,0,0
2006,-20,8,1,0,0
2007,-16,-12,1,0,0
2008,2,-20,1,0,0
2009,17,-11,1,0,0
2010,21,7,1,0,0
2011,10,20,1,0,0
2012,-6,22,1,0,0
2013,-18,12,1,0,0
2014,-21,-3,1,0,0
2015,-15,-15,1,0,0
2016,-4,-20,1,0,0
2017,7,-19,1,0,0
2018,16,-12,1,0,0
2019,20,-4,1,0,0
2020,21,5,1,0,0
2021,18,12,1,0,0
2022,13,17,1,0,0
2023,8,20,1,0,0
2024,4,22,1,0,0
2025,0,22,1,0,0
2026,-4,22,1,0,0
2027,-5,21,1,0,0
2028,-5,19,1,0,0
2029,-5,15,1,0,0
2030,-4,12,1,0,0
2031,-2,8,1,0,0
2032,0,4,1,0,0
2033,0,2,1,0,0
2034,0,0,1,0,0
2035,0,-2,1,0,0
2036,0,-4,1,0,0
2037,2,-8,1,0,0
2038,4,-12,1,0,0
2039,5,-15,1,0,0
2040,5,-19,1,0,0
2041,5,-21,1,0,0
2042,4,-22,1,0,0
2043,0,-22,1,0,0
2044,-4,-22,1,0,0
2045,-8,-20,1,0,0
2046,-13,-17,1,0,0
2047,-18,-12,1,0,0
2048,-21,-5,1,0,0
2049,-20,4,1,0,0
2050,-16,12,1,0,0
2051,-7,19,1,0,0
2052,4,20,1,0,0
2053,15,15,1,0,0
2054,21,3,1,0,0
2055,18,-12,1,0,0
2056,6,-22,1,0,0
2057,-10,-20,1,0,0
2058,-21,-7,1,0,0
2059,-17,11,1,0,0
2060,-2,20,1,0,0
2061,16,12,1,0,0
2062,20,-8,1,0,0
2063,4,-22,1,0,0
2064,-16,-14,1,0,0
2065,-18,8,1,0,0
2066,1,17,1,0,0
2067,15,3,1,0,0
2068,6,-10,1,0,0
2069,-5,-7,1,0,0
2070,-3,1,1,0,0
2071,0,0,1,0,0
2072,0,0,1,0,0
2073,0,0,1,0,0
2074,0,0,1,0,0
2075,0,0,1,0,0
2076,0,0,1,0,0
2077,0,0,1,0,0
2078,0,0,1,0,0
2079,0,0,1,0,0
2080,0,0,1,0,0
2081,0,0,1,0,0
2082,0,0,1,0,0
2083,1,-1,1,0,0
2084,2,-4,1,0,0
2085,-6,-6,1,0,0
2086,-9,5,1,0,0
2087,4,14,1,0,0
2088,18,0,1,0,0
2089,9,-19,1,0,0
2090,-13,-17,1,0,0
2091,-21,3,1,0,0
2092,-7,19,1,0,0
2093,13,15,1,0,0
2094,21,-3,1,0,0
2095,12,-18,1,0,0
2096,-6,-22,1,0,0
2097,-19,-11,1,0,0
2098,-21,5,1,0,0
2099,-11,17,1,0,0
2100,4,20,1,0,0
2101,15,15,1,0,0
2102,21,3,1,0,0
2103,20,-8,1,0,0
2104,13,-17,1,0,0
2105,5,-21,1,0,0
2106,-4,-22,1,0,0
2107,-11,-19,1,0,0
2108,-16,-14,1,0,0
2109,-19,-9,1,0,0
2110,-21,-5,1,0,0
2111,-21,-1,1,0,0
2112,-21,3,1,0,0
2113,-20,4,1,0,0
2114,-18,4,1,0,0
2115,-14,4,1,0,0
2116,-11,3,1,0,0
2117,-7,1,1,0,0
2118,-3,-1,1,0,0
2119,-1,-1,1,0,0
2120,0,0,1,0,0
2121,1,1,1,0,0
2122,3,1,1,0,0
2123,7,-1,1,0,0
2124,11,-3,1,0,0
2125,14,-4,1,0,0
2126,18,-4,1,0,0
2127,20,-4,1,0,0
2128,21,-3,1,0,0
2129,21,1,1,0,0
2130,21,5,1,0,0
2131,19,9,1,0,0
2132,16,14,1,0,0
2133,11,19,1,0,0
2134,4,22,1,0,0
2135,-5,21,1,0,0
2136,-13,17,1,0,0
2137,-20,8,1,0,0
2138,-21,-3,1,0,0
2139,-15,-15,1,0,0
2140,-4,-20,1,0,0
2141,11,-17,1,0,0
2142,21,-5,1,0,0
2143,19,11,1,0,0
2144,6,22,1,0,0
2145,-12,18,1,0,0
2146,-21,3,1,0,0
2147,-13,-15,1,0,0
2148,7,-19,1,0,0
2149,21,-3,1,0,0
2150,13,17,1,0,0
2151,-9,19,1,0,0
2152,-18,0,1,0,0
2153,-4,-14,1,0,0
2154,9,-5,1,0,0
2155,6,6,1,0,0
2156,-2,4,1,0,0
2157,-1,1,1,0,0
2158,0,0,1,0,0
2159,0,0,1,0,0
2160,3,-1,1,0,0
2161,5,7,1,0,0
2162,-6,10,1,0,0
2163,-15,-3,1,0,0
2164,-1,-17,1,0,0
2165,18,-8,1,0,0
2166,16,14,1,0,0
2167,-4,22,1,0,0
2168,-20,8,1,0,0
2169,-16,-12,1,0,0
2170,2,-20,1,0,0
2171,17,-11,1,0,0
2172,21,7,1,0,0
2173,10,20,1,0,0
2174,-6,22,1,0,0
2175,-18,12,1,0,0
2176,-21,-3,1,0,0
2177,-15,-15,1,0,0
2178,-4,-20,1,0,0
2179,7,-19,1,0,0
2180,16,-12,1,0,0
2181,20,-4,1,0,0
2182,21,5,1,0,0
2183,18,12,1,0,0
2184,13,17,1,0,0
2185,8,20,1,0,0
2186,4,22,1,0,0
2187,0,22,1,0,0
2188,-4,22,1,0,0
2189,-5,21,1,0,0
2190,-5,19,1,0,0
2191,-5,15,1,0,0
2192,-4,12,1,0,0
2193,-2,8,1,0,0
2194,0,4,1,0,0
2195,0,2,1,0,0
2196,0,0,1,0,0
2197,0,-2,1,0,0
2198,0,-4,1,0,0
2199,2,-8,1,0,0
2200,4,-12,1,0,0
2201,5,-15,1,0,0
2202,5,-19,1,0,0
2203,5,-21,1,0,0
2204,4,-22,1,0,0
2205,0,-22,1,0,0
2206,-4,-22,1,0,0
2207,-8,-20,1,0,0
2208,-13,-17,1,0,0
2209,-18,-12,1,0,0
2210,-21,-5,1,0,0
2211,-20,4,1,0,0
2212,-16,12,1,0,0
2213,-7,19,1,0,0
2214,4,20,1,0,0
2215,15,15,1,0,0
2216,21,3,1,0,0
2217,18,-12,1,0,0
2218,6,-22,1,0,0
2219,-10,-20,1,0,0
2220,-21,-7,1,0,0
2221,-17,11,1,0,0
2222,-2,20,1,0,0
2223,16,12,1,0,0
2224,20,-8,1,0,0
2225,4,-22,1,0,0
2226,-16,-14,1,0,0
2227,-18,8,1,0,0
2228,1,17,1,0,0
2229,15,3,1,0,0
2230,6,-10,1,0,0
2231,-5,-7,1,0,0
2232,-3,1,1,0,0
2233,0,0,1,0,0
2234,0,0,1,0,0
2235,0,0,1,0,0
2236,0,0,1,0,0
2237,0,0,1,0,0
2238,0,0,1,0,0
2239,0,0,1,0,0
2240,0,0,1,0,0
2241,0,0,1,0,0
2242,0,0,1,0,0
2243,0,0,1,0,0
2244,0,0,1,0,0
2245,0,0,1,0,0
2246,0,0,1,0,0
2247,0,0,1,0,0
2248,0,0,1,0,0
2249,0,0,1,0,0
2250,0,0,1,0,0
2251,0,0,1,0,0
2252,0,0,1,0,0
2253,0,0,1,0,0
2254,0,0,1,0,0
2255,0,0,1,0,0
2256,0,0,1,0,0
2257,0,0,1,0,0
2258,0,0,1,0,0
2259,0,0,1,0,0
2260,0,0,1,0,0
2261,0,0,1,0,0
2262,0,0,1,0,0
2263,0,0,1,0,0
2264,0,0,1,0,0
2265,0,0,1,0,0
2266,0,0,1,0,0
2267,0,0,1,0,0
2268,0,0,1,0,0
2269,0,0,1,0,0
2270,0,0,1,0,0
2271,0,0,1,0,0
2272,0,0,1,0,0
2273,0,0,1,0,0
2274,0,0,1,0,0
2275,0,0,1,0,0
2276,0,0,1,0,0
2277,0,0,1,0,0
2278,0,0,1,0,0
2279,0,0,1,0,0
2280,0,0,1,0,0
2281,0,0,1,0,0
2282,0,0,1,0,0
2283,0,0,1,0,0
2284,0,0,1,0,0
2285,0,0,1,0,0
2286,0,0,1,0,0
2287,0,0,1,0,0
2288,0,0,1,0,0
2289,0,0,1,0,0
2290,0,0,1,0,0
2291,0,0,1,0,0
2292,0,0,1,0,0
2293,0,0,1,0,0
2294,0,0,1,0,0
2295,0,0,1,0,0
2296,0,0,1,0,0
2297,0,0,1,0,0
2298,0,0,1,0,0
2299,0,0,1,0,0
2300,0,0,1,0,0
2301,0,0,1,0,0
2302,0,0,1,0,0
2303,0,0,1,0,0
2304,0,0,1,0,0
2305,1,-1,1,0,0
2306,2,-4,1,0,0
2307,-6,-6,1,0,0
2308,-9,5,1,0,0
2309,4,14,1,0,0
2310,18,0,1,0,0
2311,9,-19,1,0,0
2312,-13,-17,1,0,0
2313,-21,3,1,0,0
2314,-7,19,1,0,0
2315,13,15,1,0,0
2316,21,-3,1,0,0
2317,12,-18,1,0,0
2318,-6,-22,1,0,0
2319,-19,-11,1,0,0
2320,-21,5,1,0,0
2321,-11,17,1,0,0
2322,4,20,1,0,0
2323,15,15,1,0,0
2324,21,3,1,0,0
2325,20,-8,1,0,0
2326,13,-17,1,0,0
2327,5,-21,1,0,0
2328,-4,-22,1,0,0
2329,-11,-19,1,0,0
2330,-16,-14,1,0,0
2331,-19,-9,1,0,0
2332,-21,-5,1,0,0
2333,-21,-1,1,0,0
2334,-21,3,1,0,0
2335,-20,4,1,0,0
2336,-18,4,1,0,0
2337,-14,4,1,0,0
2338,-11,3,1,0,0
2339,-7,1,1,0,0
2340,-3,-1,1,0,0
2341,-1,-1,1,0,0
2342,0,0,1,0,0
2343,1,1,1,0,0
2344,3,1,1,0,0
2345,7,-1,1,0,0
2346,11,-3,1,0,0
2347,14,-4,1,0,0
2348,18,-4,1,0,0
2349,20,-4,1,0,0
2350,21,-3,1,0,0
2351,21,1,1,0,0
2352,21,5,1,0,0
2353,19,9,1,0,0
2354,16,14,1,0,0
2355,11,19,1,0,0
2356,4,22,1,0,0
2357,-5,21,1,0,0
2358,-13,17,1,0,0
2359,-20,8,1,0,0
2360,-21,-3,1,0,0
2361,-15,-15,1,0,0
2362,-4,-20,1,0,0
2363,11,-17,1,0,0
2364,21,-5,1,0,0
2365,19,11,1,0,0
2366,6,22,1,0,0
2367,-12,18,1,0,0
2368,-21,3,1,0,0
2369,-13,-15,1,0,0
2370,7,-19,1,0,0
2371,21,-3,1,0,0
2372,13,17,1,0,0
2373,-9,19,1,0,0
2374,-18,0,1,0,0
2375,-4,-14,1,0,0
2376,9,-5,1,0,0
2377,6,6,1,0,0
2378,-2,4,1,0,0
2379,-1,1,1,0,0
2380,0,0,1,0,0
2381,0,0,1,0,0
2382,-3,1,1,0,0
2383,-5,-7,1,0,0
2384,6,-10,1,0,0
2385,15,3,1,0,0
2386,1,17,1,0,0
2387,-18,8,1,0,0
2388,-16,-14,1,0,0
2389,4,-22,1,0,0
2390,20,-8,1,0,0
2391,16,12,1,0,0
2392,-2,20,1,0,0
2393,-17,11,1,0,0
2394,-21,-7,1,0,0
2395,-10,-20,1,0,0
2396,6,-22,1,0,0
2397,18,-12,1,0,0
2398,21,3,1,0,0
2399,15,15,1,0,0
2400,4,20,1,0,0
2401,-7,19,1,0,0
2402,-16,12,1,0,0
2403,-20,4,1,0,0
2404,-21,-5,1,0,0
2405,-18,-12,1,0,0
2406,-13,-17,1,0,0
2407,-8,-20,1,0,0
2408,-4,-22,1,0,0
2409,0,-22,1,0,0
2410,4,-22,1,0,0
2411,5,-21,1,0,0
2412,5,-19,1,0,0
2413,5,-15,1,0,0
2414,4,-12,1,0,0
2415,2,-8,1,0,0
2416,0,-4,1,0,0
2417,0,-2,1,0,0
2418,0,0,1,0,0
2419,0,-2,1,0,0
2420,0,-4,1,0,0
2421,2,-8,1,0,0
2422,4,-12,1,0,0
2423,5,-15,1,0,0
2424,5,-19,1,0,0
2425,5,-21,1,0,0
2426,4,-22,1,0,0
2427,0,-22,1,0,0
2428,-4,-22,1,0,0
2429,-8,-20,1,0,0
2430,-13,-17,1,0,0
2431,-18,-12,1,0,0
2432,-21,-5,1,0,0
2433,-20,4,1,0,0
2434,-16,12,1,0,0
2435,-7,19,1,0,0
2436,4,20,1,0,0
2437,15,15,1,0,0
2438,21,3,1,0,0
2439,18,-12,1,0,0
2440,6,-22,1,0,0
2441,-10,-20,1,0,0
2442,-21,-7,1,0,0
2443,-17,11,1,0,0
2444,-2,20,1,0,0
2445,16,12,1,0,0
2446,20,-8,1,0,0
2447,4,-22,1,0,0
2448,-16,-14,1,0,0
2449,-18,8,1,0,0
2450,1,17,1,0,0
2451,15,3,1,0,0
2452,6,-10,1,0,0
2453,-5,-7,1,0,0
2454,-3,1,1,0,0
2455,0,0,1,0,0
2456,0,0,1,0,0
2457,0,0,1,0,0
2458,0,0,1,0,0
2459,0,0,1,0,0
2460,0,0,1,0,0
2461,0,0,1,0,0
2462,0,0,1,0,0
2463,0,0,1,0,0
2464,0,0,1,0,0
2465,0,0,1,0,0
2466,0,0,1,0,0
2467,1,-1,1,0,0
2468,2,-4,1,0,0
2469,-6,-6,1,0,0
2470,-9,5,1,0,0
2471,4,14,1,0,0
2472,18,0,1,0,0
2473,9,-19,1,0,0
2474,-13,-17,1,0,0
2475,-21,3,1,0,0
2476,-7,19,1,0,0
2477,13,15,1,0,0
2478,21,-3,1,0,0
2479,12,-18,1,0,0
2480,-6,-22,1,0,0
2481,-19,-11,1,0,0
2482,-21,5,1,0,0
2483,-11,17,1,0,0
2484,4,20,1,0,0
2485,15,15,1,0,0
2486,21,3,1,0,0
2487,20,-8,1,0,0
2488,13,-17,1,0,0
2489,5,-21,1,0,0
2490,-4,-22,1,0,0
2491,-11,-19,1,0,0
2492,-16,-14,1,0,0
2493,-19,-9,1,0,0
2494,-21,-5,1,0,0
2495,-21,-1,1,0,0
2496,-21,3,1,0,0
2497,-20,4,1,0,0
2498,-18,4,1,0,0
2499,-14,4,1,0,0
2500,-11,3,1,0,0
2501,-7,1,1,0,0
2502,-3,-1,1,0,0
2503,-1,-1,1,0,0
2504,0,0,1,0,0
2505,1,1,1,0,0
2506,3,1,1,0,0
2507,7,-1,1,0,0
2508,11,-3,1,0,0
2509,14,-4,1,0,0
2510,18,-4,1,0,0
2511,20,-4,1,0,0
2512,21,-3,1,0,0
2513,21,1,1,0,0
2514,21,5,1,0,0
2515,19,9,1,0,0
2516,16,14,1,0,0
2517,11,19,1,0,0
2518,4,22,1,0,0
2519,-5,21,1,0,0
2520,-13,17,1,0,0
2521,-20,8,1,0,0
2522,-21,-3,1,0,0
2523,-15,-15,1,0,0
2524,-4,-20,1,0,0
2525,11,-17,1,0,0
2526,21,-5,1,0,0
2527,19,11,1,0,0
2528,6,22,1,0,0
2529,-12,18,1,0,0
2530,-21,3,1,0,0
2531,-13,-15,1,0,0
2532,7,-19,1,0,0
2533,21,-3,1,0,0
2534,13,17,1,0,0
2535,-9,19,1,0,0
2536,-18,0,1,0,0
2537,-4,-14,1,0,0
2538,9,-5,1,0,0
2539,6,6,1,0,0
2540,-2,4,1,0,0
2541,-1,1,1,0,0
2542,0,0,1,0,0
2543,0,0,1,0,0
2544,3,-1,1,0,0
2545,5,7,1,0,0
2546,-6,10,1,0,0
2547,-15,-3,1,0,0
2548,-1,-17,1,0,0
2549,18,-8,1,0,0
2550,16,14,1,0,0
2551,-4,22,1,0,0
2552,-20,8,1,0,0
2553,-16,-12,1,0,0
2554,2,-20,1,0,0
2555,17,-11,1,0,0
2556,21,7,1,0,0
2557,10,20,1,0,0
2558,-6,22,1,0,0
2559,-18,12,1,0,0
2560,-21,-3,1,0,0
2561,-15,-15,1,0,0
2562,-4,-20,1,0,0
2563,7,-19,1,0,0
2564,16,-12,1,0,0
2565,20,-4,1,0,0
2566,21,5,1,0,0
2567,18,12,1,0,0
2568,13,17,1,0,0
2569,8,20,1,0,0
2570,4,22,1,0,0
2571,0,22,1,0,0
2572,-4,22,1,0,0
2573,-5,21,1,0,0
2574,-5,19,1,0,0
2575,-5,15,1,0,0
2576,-4,12,1,0,0
2577,-2,8,1,0,0
2578,0,4,1,0,0
2579,0,2,1,0,0
2580,0,0,1,0,0
2581,0,-2,1,0,0
2582,0,-4,1,0,0
2583,2,-8,1,0,0
2584,4,-12,1,0,0
2585,5,-15,1,0,0
2586,5,-19,1,0,0
2587,5,-21,1,0,0
2588,4,-22,1,0,0
2589,0,-22,1,0,0
2590,-4,-22,1,0,0
2591,-8,-20,1,0,0
2592,-13,-17,1,0,0
2593,-18,-12,1,0,0
2594,-21,-5,1,0,0
2595,-20,4,1,0,0
2596,-16,12,1,0,0
2597,-7,19,1,0,0
2598,4,20,1,0,0
2599,15,15,1,0,0
2600,21,3,1,0,0
2601,18,-12,1,0,0
2602,6,-22,1,0,0
2603,-10,-20,1,0,0
2604,-21,-7,1,0,0
2605,-17,11,1,0,0
2606,-2,20,1,0,0
2607,16,12,1,0,0
2608,20,-8,1,0,0
2609,4,-22,1,0,0
2610,-16,-14,1,0,0
2611,-18,8,1,0,0
2612,1,17,1,0,0
2613,15,3,1,0,0
2614,6,-10,1,0,0
2615,-5,-7,1,0,0
2616,-3,1,1,0,0
2617,0,0,1,0,0
2618,0,0,1,0,0
2619,0,0,1,0,0
2620,0,0,1,0,0
2621,0,0,1,0,0
2622,0,0,1,0,0
2623,0,0,1,0,0
2624,0,0,1,0,0
2625,0,0,1,0,0
2626,0,0,1,0,0
2627,0,0,1,0,0
2628,0,0,1,0,0
2629,0,0,1,0,0
2630,0,0,1,0,0
2631,0,0,1,0,0
2632,0,0,1,0,0
2633,0,0,1,0,0
2634,0,0,1,0,0
2635,0,0,1,0,0
2636,0,0,1,0,0
2637,0,0,1,0,0
2638,0,0,1,0,0
2639,0,0,1,0,0
2640,0,0,1,0,0
2641,0,0,1,0,0
2642,0,0,1,0,0
2643,0,0,1,0,0
2644,0,0,1,0,0
2645,0,0,1,0,0
2646,0,0,1,0,0
2647,0,0,1,0,0
2648,0,0,1,0,0
2649,0,0,1,0,0
2650,0,0,1,0,0
2651,0,0,1,0,0
2652,0,0,1,0,0
2653,0,0,1,0,0
2654,0,0,1,0,0
2655,0,0,1,0,0
2656,0,0,1,0,0
2657,0,0,1,0,0
2658,0,0,1,0,0
2659,0,0,1,0,0
2660,0,0,1,0,0
2661,0,0,1,0,0
2662,0,0,1,0,0
2663,0,0,1,0,0
2664,0,0,1,0,0
2665,0,0,1,0,0
2666,0,0,1,0,0
2667,0,0,1,0,0
2668,0,0,1,0,0
2669,0,0,1,0,0
2670,0,0,1,0,0
2671,0,0,1,0,0
2672,0,0,1,0,0
2673,0,0,1,0,0
2674,0,0,1,0,0
2675,0,0,1,0,0
2676,0,0,1,0,0
2677,0,0,1,0,0
2678,0,0,1,0,0
2679,0,0,1,0,0
2680,0,0,1,0,0
2681,0,0,1,0,0
2682,0,0,1,0,0
2683,0,0,1,0,0
2684,0,0,1,0,0
2685,0,0,1,0,0
2686,0,0,1,0,0
2687,0,0,1,0,0
2688,0,0,1,0,0
2689,1,-1,1,0,0
2690,2,-4,1,0,0
2691,-6,-6,1,0,0
2692,-9,5,1,0,0
2693,4,14,1,0,0
2694,18,0,1,0,0
2695,9,-19,1,0,0
2696,-13,-17,1,0,0
2697,-21,3,1,0,0
2698,-7,19,1,0,0
2699,13,15,1,0,0
2700,21,-3,1,0,0
2701,12,-18,1,0,0
2702,-6,-22,1,0,0
2703,-19,-11,1,0,0
2704,-21,5,1,0,0
2705,-11,17,1,0,0
2706,4,20,1,0,0
2707,15,15,1,0,0
2708,21,3,1,0,0
2709,20,-8,1,0,0
2710,13,-17,1,0,0
2711,5,-21,1,0,0
2712,-4,-22,1,0,0
2713,-11,-19,1,0,0
2714,-16,-14,1,0,0
2715,-19,-9,1,0,0
2716,-21,-5,1,0,0
2717,-21,-1,1,0,0
2718,-21,3,1,0,0
2719,-20,4,1,0,0
2720,-18,4,1,0,0
2721,-14,4,1,0,0
2722,-11,3,1,0,0
2723,-7,1,1,0,0
2724,-3,-1,1,0,0
2725,-1,-1,1,0,0
2726,0,0,1,0,0
2727,1,1,1,0,0
2728,3,1,1,0,0
2729,7,-1,1,0,0
2730,11,-3,1,0,0
2731,14,-4,1,0,0
2732,18,-4,1,0,0
2733,20,-4,1,0,0
2734,21,-3,1,0,0
2735,21,1,1,0,0
2736,21,5,1,0,0
2737,19,9,1,0,0
2738,16,14,1,0,0
2739,11,19,1,0,0
2740,4,22,1,0,0
2741,-5,21,1,0,0
2742,-13,17,1,0,0
2743,-20,8,1,0,0
2744,-21,-3,1,0,0
2745,-15,-15,1,0,0
2746,-4,-20,1,0,0
2747,11,-17,1,0,0
2748,21,-5,1,0,0
2749,19,11,1,0,0
2750,6,22,1,0,0
2751,-12,18,1,0,0
2752,-21,3,1,0,0
2753,-13,-15,1,0,0
2754,7,-19,1,0,0
2755,21,-3,1,0,0
2756,13,17,1,0,0
2757,-9,19,1,0,0
2758,-18,0,1,0,0
2759,-4,-14,1,0,0
2760,9,-5,1,0,0
2761,6,6,1,0,0
2762,-2,4,1,0,0
2763,-1,1,1,0,0
2764,0,0,1,0,0
2765,0,0,1,0,0
2766,-3,1,1,0,0
2767,-5,-7,1,0,0
2768,6,-10,1,0,0
2769,15,3,1,0,0
2770,1,17,1,0,0
2771,-18,8,1,0,0
2772,-16,-14,1,0,0
2773,4,-22,1,0,0
2774,20,-8,1,0,0
2775,16,12,1,0,0
2776,-2,20,1,0,0
2777,-17,11,1,0,0
2778,-21,-7,1,0,0
2779,-10,-20,1,0,0
2780,6,-22,1,0,0
2781,18,-12,1,0,0
2782,21,3,1,0,0
2783,15,15,1,0,0
2784,4,20,1,0,0
2785,-7,19,1,0,0
2786,-16,12,1,0,0
2787,-20,4,1,0,0
2788,-21,-5,1,0,0
2789,-18,-12,1,0,0
2790,-13,-17,1,0,0
2791,-8,-20,1,0,0
2792,-4,-22,1,0,0
2793,0,-22,1,0,0
2794,4,-22,1,0,0
2795,5,-21,1,0,0
2796,5,-19,1,0,0
2797,5,-15,1,0,0
2798,4,-12,1,0,0
2799,2,-8,1,0,0
2800,0,-4,1,0,0
2801,0,-2,1,0,0
2802,0,0,1,0,0
2803,0,-2,1,0,0
2804,0,-4,1,0,0
2805,2,-8,1,0,0
2806,4,-12,1,0,0
2807,5,-15,1,0,0
2808,5,-19,1,0,0
2809,5,-21,1,0,0
2810,4,-22,1,0,0
2811,0,-22,1,0,0
2812,-4,-22,1,0,0
2813,-8,-20,1,0,0
2814,-13,-17,1,0,0
2815,-18,-12,1,0,0
2816,-21,-5,1,0,0
2817,-20,4,1,0,0
2818,-16,12,1,0,0
2819,-7,19,1,0,0
2820,4,20,1,0,0
2821,15,15,1,0,0
2822,21,3,1,0,0
2823,18,-12,1,0,0
2824,6,-22,1,0,0
2825,-10,-20,1,0,0
2826,-21,-7,1,0,0
2827,-17,11,1,0,0
2828,-2,20,1,0,0
2829,16,12,1,0,0
2830,20,-8,1,0,0
2831,4,-22,1,0,0
2832,-16,-14,1,0,0
2833,-18,8,1,0,0
2834,1,17,1,0,0
2835,15,3,1,0,0
2836,6,-10,1,0,0
2837,-5,-7,1,0,0
2838,-3,1,1,0,0
2839,0,0,1,0,0
2840,0,0,1,0,0
2841,0,0,1,0,0
2842,0,0,1,0,0
2843,0,0,1,0,0
2844,0,0,1,0,0
2845,0,0,1,0,0
2846,0,0,1,0,0
2847,0,0,1,0,0
2848,0,0,1,0,0
2849,0,0,1,1,0
done_after_cycles=3091
captured_samples=2850
overflow_seen=0
mismatches=948 first_mismatch_idx=1
RESULT=PASS_BASIC_COMPLETION
